-5.141457000000000388e-01
-3.802071000000000200e-01
-3.476618000000000208e-01
-5.820587999999999873e-01
-3.436281999999999948e-01
-3.104392999999999736e-01
-6.379736999999999769e-01
-3.147491000000000039e-01
-3.778501000000000221e-01
-5.140133999999999537e-01
-2.508065999999999907e-01
-3.909954999999999958e-01
-6.493088999999999666e-01
-2.164294999999999969e-01
-3.499175999999999953e-01
-5.254746999999999613e-01
-1.477267999999999915e-01
-2.456366000000000105e-01
-7.508365000000000178e-01
-1.374526000000000081e-01
-3.659700000000000175e-01
-6.188574999999999493e-01
-1.043150999999999939e-01
-4.262135000000000229e-01
-6.325001999999999569e-01
2.103495999999999838e-03
-4.194334000000000118e-01
-6.459135000000000293e-01
-6.649167999999999745e-02
-5.116279999999999717e-01
-6.013332000000000122e-01
-6.357880000000000476e-02
-6.079731999999999914e-01
-5.780594999999999484e-01
6.258726000000000567e-02
-5.105203000000000380e-01
-5.582825000000000149e-01
4.325069000000000136e-02
-5.806194999999999551e-01
-5.620724999999999749e-01
3.176976000000000105e-02
-6.552019000000000037e-01
-4.619505999999999890e-01
1.268122000000000138e-01
-7.153758999999999535e-01
-5.718906999999999741e-01
7.001058999999999755e-02
-6.093465999999999605e-01
-4.926402999999999754e-01
-1.021650000000000032e-03
-7.331708999999999588e-01
-5.216378000000000403e-01
1.098306000000000004e-01
-6.253720000000000390e-01
-4.460397999999999863e-01
-5.883705000000000185e-02
-6.126268999999999743e-01
-5.108057000000000292e-01
-9.356860999999999651e-02
-5.299812999999999885e-01
-4.121500000000000163e-01
-2.861097999999999853e-03
-6.230375999999999692e-01
-3.113570999999999978e-01
-4.466333000000000109e-02
-5.018074000000000146e-01
-2.878671999999999898e-01
-1.529622999999999955e-01
-3.820597000000000021e-01
-2.850854999999999917e-01
-4.715661000000000332e-03
-4.501646000000000258e-01
-4.962073000000000178e-01
-4.218420999999999976e-01
-2.068157999999999941e-01
-5.680283999999999889e-01
-4.460997999999999908e-01
-6.232606999999999731e-02
-4.489237999999999840e-01
-3.616206000000000143e-01
-2.703691000000000080e-02
-5.257446999999999537e-01
-3.491763999999999979e-01
4.998225000000000237e-03
-5.718486999999999876e-01
-2.956328999999999763e-01
3.599593999999999711e-02
-3.450989999999999891e-01
-2.592490000000000072e-01
-4.682789999999999869e-02
-5.711570999999999732e-01
-3.185052999999999912e-01
-5.466209000000000345e-02
-4.791040999999999772e-01
-2.326081000000000121e-01
1.755717999999999862e-02
-5.816147999999999874e-01
-2.075850999999999946e-01
-1.018217000000000080e-02
-5.237300999999999762e-01
-1.223767999999999939e-01
5.173077999999999704e-02
-5.103817000000000492e-01
-1.085257000000000027e-01
-2.288251999999999994e-02
-5.157855000000000079e-01
-2.050756000000000107e-02
1.352191999999999977e-02
-5.884230000000000294e-01
-1.028084999999999971e-01
-1.009840000000000043e-01
-5.712361000000000244e-01
-4.780668000000000070e-03
-8.274894000000000693e-02
-4.514467999999999814e-01
5.023153999999999814e-02
-8.444020000000000692e-02
-4.701189000000000062e-01
-1.475826000000000048e-02
-1.562479999999999980e-01
-4.219283999999999812e-01
4.412793000000000271e-02
-1.769802000000000042e-01
-5.425033000000000216e-01
9.161102000000000134e-02
-2.054748999999999881e-01
-5.277366000000000001e-01
8.526247000000000686e-02
-3.006049000000000082e-01
-5.180862999999999996e-01
1.627007000000000037e-01
-3.085156000000000009e-01
-4.910713999999999912e-01
1.415559999999999874e-01
-4.049377000000000115e-01
-4.709149999999999725e-01
2.530274000000000134e-01
-3.942896000000000178e-01
-4.461404999999999954e-01
2.684589000000000003e-01
-5.161843000000000403e-01
-3.200172000000000017e-01
2.315062999999999982e-01
-5.250960000000000072e-01
-3.263204000000000105e-01
3.260856999999999783e-01
-5.114258000000000415e-01
-4.027214000000000071e-01
2.561107000000000244e-01
-4.784334000000000087e-01
-4.442358000000000140e-01
2.136668999999999929e-01
-3.500600999999999852e-01
-3.949691000000000174e-01
2.770329999999999737e-01
-2.951881000000000088e-01
-4.560621999999999732e-01
1.982327000000000117e-01
-2.334952000000000139e-01
-4.037495999999999863e-01
2.217210000000000014e-01
-1.959088999999999969e-01
-3.160723999999999756e-01
7.915611000000000175e-02
-1.945738999999999941e-01
-2.515832000000000068e-01
-3.131173999999999763e-02
-1.971257999999999899e-01
-4.106478000000000073e-01
-1.330589000000000077e-03
-2.171009000000000133e-01
-3.650164000000000186e-01
8.845841999999999594e-02
-8.891577999999999982e-02
-2.855055000000000232e-01
8.572802999999999674e-02
-5.128135999999999806e-02
-4.054620999999999920e-01
4.811109999999999692e-02
2.541059999999999847e-02
-3.185859999999999803e-01
4.348914999999999725e-02
1.337408999999999994e-02
-2.991039999999999810e-01
1.093076999999999938e-01
8.692271000000000025e-02
-4.023144000000000164e-01
1.201412999999999960e-02
1.007321000000000050e-01
-3.557969000000000270e-01
4.087074999999999736e-02
1.052851000000000065e-01
-4.240753999999999913e-01
-1.215421000000000001e-01
9.559790999999999428e-02
-3.982387000000000010e-01
-3.942111000000000226e-02
1.614260999999999890e-01
-4.413335999999999926e-01
-1.107540000000000052e-01
1.694856999999999891e-01
-4.651098000000000177e-01
-1.966189999999999882e-01
1.748097999999999874e-01
-4.707875999999999728e-01
-9.062095000000000566e-02
2.299357999999999957e-01
-2.983086999999999822e-01
-6.458210000000000339e-02
2.260326000000000002e-01
-3.283615999999999757e-01
-2.373663999999999982e-02
3.046620999999999913e-01
-4.259084000000000203e-01
-6.239639999999999770e-02
2.905389999999999917e-01
-3.456461000000000117e-01
-7.063171000000000033e-02
3.441887000000000141e-01
-3.088600000000000234e-01
-1.780778000000000083e-01
2.141998999999999986e-01
-4.129455000000000209e-01
-2.780831000000000275e-01
2.611279000000000239e-01
-3.879575000000000107e-01
-2.049027999999999961e-01
2.924763000000000224e-01
-3.659985000000000044e-01
-1.575315999999999939e-01
3.719873000000000207e-01
-4.052373000000000225e-01
-2.335175999999999918e-01
3.722207000000000154e-01
-2.572497000000000256e-01
-1.285483000000000042e-01
4.211579999999999768e-01
-1.623410000000000131e-01
-1.802149999999999863e-01
3.371055000000000024e-01
-2.775154000000000232e-01
-2.465009999999999979e-01
3.573708999999999913e-01
-1.822689000000000115e-01
-1.403857000000000022e-01
4.284048999999999774e-01
-2.606102000000000141e-01
-2.012566000000000077e-01
4.059118999999999922e-01
-2.144211000000000034e-01
-3.626327999999999774e-01
4.279104000000000241e-01
-3.178042999999999840e-01
-3.163358000000000003e-01
3.768779999999999908e-01
-1.290101999999999915e-01
-2.863209999999999922e-01
4.516300999999999788e-01
-2.409229999999999983e-01
-3.078130000000000033e-01
4.794659000000000004e-01
-1.923775000000000068e-01
-2.362719000000000069e-01
4.755242000000000080e-01
-1.564457999999999960e-01
-3.535299000000000080e-01
4.757374999999999798e-01
-1.589308000000000110e-01
-4.389550999999999870e-01
4.345550000000000246e-01
-3.105235000000000078e-01
-3.809671000000000030e-01
3.945648999999999962e-01
-2.628666000000000058e-01
-4.251003999999999894e-01
4.713235000000000063e-01
-2.197294999999999943e-01
-4.874823999999999824e-01
3.947857000000000172e-01
-3.220557000000000003e-01
-5.027930000000000454e-01
3.995625999999999900e-01
-3.869141999999999859e-01
-4.482566000000000050e-01
3.846100000000000074e-01
-2.182454000000000061e-01
-4.670002999999999793e-01
2.331331000000000098e-01
-2.301288999999999974e-01
-5.618745000000000545e-01
3.916323999999999916e-01
-3.479460999999999804e-01
-5.600513999999999770e-01
4.356380000000000252e-01
-4.161731000000000180e-01
-4.908092000000000010e-01
3.055918000000000245e-01
-4.373036000000000145e-01
-5.847947999999999480e-01
3.304203000000000001e-01
-3.320315999999999823e-01
-4.461513999999999758e-01
1.433978999999999948e-01
-3.197579999999999867e-01
-5.773028999999999522e-01
3.270096000000000114e-01
-3.356990000000000252e-01
-5.797782999999999687e-01
2.448142000000000096e-01
-2.576520999999999950e-01
-5.600574000000000385e-01
2.211619999999999975e-01
-2.020250000000000101e-01
-4.892593000000000081e-01
8.508646000000000265e-02
-2.669416000000000011e-01
-4.037002000000000090e-01
-3.766991000000000089e-02
-5.328458999999999834e-01
-4.798483000000000054e-01
-5.383738000000000135e-01
-5.830887000000000153e-01
-4.166576000000000168e-01
-5.462365000000000137e-01
-3.974033000000000149e-01
-4.289396999999999793e-01
-6.341362999999999861e-01
-4.989454999999999862e-01
-3.428809999999999913e-01
-6.885189000000000448e-01
-5.380044000000000493e-01
-3.283356000000000052e-01
-6.456625000000000281e-01
-3.794220999999999844e-01
-3.558926000000000034e-01
-7.062686000000000242e-01
-5.034851000000000187e-01
-2.456348999999999894e-01
-6.089984000000000508e-01
-4.867580000000000240e-01
-1.988816999999999946e-01
-7.110324000000000089e-01
-4.565003999999999729e-01
-1.836081999999999992e-01
-7.856206999999999496e-01
-4.395820999999999756e-01
-2.256365000000000107e-02
-7.650409999999999711e-01
-3.101668000000000203e-01
-1.170841999999999994e-01
-7.953645999999999772e-01
-3.148761999999999950e-01
-5.391210999999999920e-02
-7.665834999999999733e-01
-3.895820999999999867e-01
-9.834112999999999882e-02
-7.725868000000000180e-01
-3.507104999999999806e-01
-1.987279000000000129e-01
-8.139218999999999760e-01
-3.076195999999999930e-01
-2.521051999999999738e-01
-7.110469999999999846e-01
-2.823783000000000265e-01
-2.877119000000000204e-01
-6.304651999999999479e-01
-3.597071000000000018e-01
-2.878536999999999901e-01
-5.406288999999999678e-01
-3.233939000000000119e-01
-3.836128999999999789e-01
-5.614441000000000015e-01
-3.264803000000000011e-01
-5.105205999999999911e-01
-6.422755999999999466e-01
-4.214352000000000098e-01
-5.210734999999999673e-01
-6.250710999999999906e-01
-3.760317000000000243e-01
-5.111769000000000451e-01
-5.388804000000000372e-01
-4.617045000000000177e-01
-4.659662999999999999e-01
-4.580348000000000197e-01
-2.821647999999999934e-01
-4.698016999999999888e-01
-4.182734000000000174e-01
-4.410008000000000261e-01
-6.147580999999999740e-01
-4.836824000000000123e-01
-4.677608999999999795e-01
-5.832766999999999813e-01
-4.239274000000000098e-01
-5.024680999999999731e-01
-5.100508000000000264e-01
-3.906611999999999862e-01
-5.540270000000000472e-01
-4.850806999999999758e-01
-3.195081000000000171e-01
-5.203518999999999783e-01
-5.817970000000000086e-01
-3.361558000000000046e-01
-5.906974000000000391e-01
-5.661703999999999626e-01
-3.875424000000000091e-01
-4.124645000000000117e-01
-4.952541999999999778e-01
-3.045461999999999891e-01
-3.066150000000000264e-01
-4.276632000000000211e-01
-3.232538999999999829e-01
-2.724146000000000067e-01
-3.196901999999999799e-01
-4.407076999999999800e-01
3.836730999999999892e-01
-1.641508000000000134e-01
-3.754334999999999756e-01
2.896078000000000263e-01
-2.837547999999999737e-01
-3.164560000000000151e-01
2.008130999999999944e-01
-3.722598999999999769e-01
-2.118393000000000082e-01
1.862524999999999875e-01
-4.548886999999999792e-01
-7.160498999999999337e-02
2.746853000000000211e-01
-5.432188999999999490e-01
-1.155373999999999984e-01
3.820429000000000186e-01
-5.626630999999999716e-01
-1.866277000000000075e-01
4.327885000000000204e-01
-4.745826000000000211e-01
-2.116465999999999903e-01
4.098086000000000229e-01
-5.154902000000000095e-01
-6.109697000000000044e-02
4.819009000000000209e-01
-5.054554999999999465e-01
-1.097318000000000043e-01
5.037861999999999618e-01
-4.463882000000000128e-01
-1.578053000000000095e-01
4.167655000000000109e-01
-4.074703000000000075e-01
4.641173000000000173e-03
3.822780000000000067e-01
-3.003006999999999760e-01
-3.474688000000000082e-02
4.706537000000000082e-01
-3.793510999999999966e-01
-1.223115000000000036e-01
4.874665000000000248e-01
-2.929914000000000129e-01
-6.044262000000000246e-02
4.014614000000000238e-01
-3.591971999999999943e-01
-2.521201000000000136e-01
5.128184999999999549e-01
-3.466859999999999942e-01
-2.125123999999999902e-01
3.824374999999999858e-01
-2.759903000000000217e-01
-2.805368999999999780e-01
4.554276999999999909e-01
-2.992876999999999899e-01
-1.364808000000000132e-01
2.831812000000000218e-01
-2.966422000000000225e-01
-1.426736999999999866e-01
3.604797000000000140e-01
-2.105800999999999923e-01
-1.350685000000000080e-01
5.607763000000000053e-01
-2.407025999999999888e-01
-2.005981000000000014e-01
4.805694999999999828e-01
-2.530127999999999822e-01
-2.576164000000000232e-01
4.202377999999999947e-01
-1.419786000000000104e-01
-8.880627000000000659e-02
5.018169999999999575e-01
-8.843492999999999493e-02
-1.763030999999999904e-01
4.226086000000000009e-01
-4.904801999999999773e-02
-1.307719999999999994e-01
4.834886999999999935e-01
-1.505172999999999928e-01
-2.032589999999999952e-01
4.440529999999999755e-01
-1.632502999999999871e-01
-2.676938999999999846e-01
4.029863000000000195e-01
-5.860449999999999687e-02
-2.328067000000000053e-01
4.556669999999999887e-01
-2.143741000000000119e-01
-3.763731000000000160e-01
3.726793999999999940e-01
-1.868958000000000008e-01
-3.599249999999999949e-01
4.054885999999999768e-01
-1.054269000000000039e-01
-3.327202000000000215e-01
3.315704999999999902e-01
-8.536794000000000326e-02
-2.922737999999999725e-01
1.518290999999999946e-01
-1.844374000000000013e-01
-2.259603000000000028e-01
2.327448000000000017e-01
-1.373906000000000016e-01
-3.332926999999999973e-01
2.218080000000000052e-01
-6.625941000000000469e-02
-4.797862999999999989e-01
2.552036999999999778e-01
4.811068000000000289e-02
-3.684536999999999951e-01
2.566656999999999966e-01
3.660714999999999802e-02
-4.477365999999999846e-01
2.732639000000000040e-01
-5.624834000000000084e-02
-5.022008999999999501e-01
2.789832999999999896e-01
3.790264000000000133e-02
-5.782585999999999560e-01
2.569365000000000121e-01
1.681998000000000104e-01
-5.107258999999999549e-01
2.632176999999999989e-01
1.300586999999999993e-01
-5.864323999999999648e-01
1.342423000000000088e-01
9.333165999999999685e-02
-6.069871000000000016e-01
1.059191000000000021e-01
1.749058000000000002e-01
-5.508967999999999643e-01
6.798898999999999915e-02
1.265689000000000120e-01
-6.293760999999999939e-01
-1.074826000000000080e-02
2.043349999999999889e-01
-7.057153999999999927e-01
1.870073999999999998e-03
2.711280999999999830e-01
-6.687184000000000461e-01
3.609483000000000136e-02
2.375584000000000029e-01
-5.758415999999999535e-01
1.875960999999999948e-02
3.555495000000000183e-02
-4.549990999999999897e-01
1.102180999999999994e-01
1.470361000000000029e-01
-5.001225000000000254e-01
1.320962999999999998e-01
1.467167000000000054e-01
-4.094988999999999990e-01
5.907570999999999656e-02
1.485485999999999925e-02
-3.119642000000000248e-01
5.402461000000000069e-02
2.371888000000000121e-02
-4.748122000000000176e-01
1.648152999999999979e-01
9.528207000000000343e-03
-3.559602000000000044e-01
1.165322000000000024e-01
-8.021016999999999730e-02
-2.559675000000000145e-01
1.399794000000000038e-01
2.825238000000000055e-02
-1.668746999999999869e-01
3.245295999999999736e-01
5.639964000000000088e-02
-2.965403999999999818e-01
2.785193999999999726e-01
9.545154000000000138e-02
-2.042569999999999941e-01
2.583080999999999849e-01
3.979080000000000117e-02
-1.385291999999999912e-01
3.623089999999999922e-01
-1.006036000000000083e-02
-2.044537999999999911e-01
2.905249999999999777e-01
-6.187291000000000318e-02
-1.367559000000000136e-01
3.827974000000000099e-01
5.979692000000000340e-02
-9.845362000000000557e-02
3.192983999999999822e-01
1.180833000000000056e-03
-5.290380000000000082e-02
4.773492999999999764e-01
1.878013999999999899e-03
-9.308189000000000046e-02
4.299453999999999776e-01
-1.010236999999999941e-01
-1.391603999999999897e-01
2.581677000000000000e-01
-1.590050000000000074e-01
-9.714997000000000216e-02
3.802407999999999899e-01
1.442447999999999994e-02
3.774687999999999655e-02
2.708099999999999952e-01
-8.354741000000000251e-02
3.499255999999999894e-02
4.246803000000000106e-01
-5.590269999999999961e-02
-9.512774999999999356e-03
4.563076999999999828e-01
8.494961999999999999e-03
4.166066000000000213e-02
3.054377999999999815e-01
-1.738070999999999922e-01
-2.334514000000000034e-02
4.900841000000000225e-01
-1.227494999999999975e-01
-5.084045000000000231e-02
5.467562999999999729e-01
-1.665531000000000095e-01
-1.073992000000000002e-01
5.404166000000000247e-01
-2.596797000000000133e-01
-5.633877000000000329e-02
5.703548999999999980e-01
-1.981023000000000089e-01
-3.968129000000000101e-02
4.932375999999999983e-01
-7.411610000000000420e-02
5.607332999999999762e-02
5.317254999999999621e-01
-1.209221999999999936e-01
2.335332999999999853e-02
5.387442999999999538e-01
-1.793661000000000005e-01
4.713853999999999961e-02
4.169520999999999922e-01
-5.244249000000000133e-02
1.873013000000000039e-01
4.575516000000000028e-01
-1.403661999999999965e-01
1.602728999999999959e-01
3.682991999999999932e-01
-1.374019999999999964e-01
1.749197999999999864e-01
5.286184000000000438e-01
-4.908077999999999746e-02
1.509985000000000077e-01
4.117496999999999963e-01
-8.693650999999999462e-02
2.294802999999999982e-01
4.481093999999999911e-01
-6.757499999999999618e-02
1.295608000000000037e-01
5.644156000000000173e-01
-1.652463999999999877e-01
1.346306999999999920e-01
5.967573999999999934e-01
-2.697458999999999829e-01
7.276079000000000574e-02
5.483896999999999800e-01
-2.422602000000000089e-01
1.803386999999999907e-01
5.442422000000000093e-01
-2.866621999999999781e-01
4.592078000000000132e-02
5.731638999999999484e-01
-2.867327000000000070e-01
-1.146280999999999967e-01
5.464723999999999693e-01
-3.805284999999999918e-01
1.610102999999999882e-02
5.934087999999999585e-01
-3.727092000000000183e-01
1.104630000000000056e-01
5.388290999999999498e-01
-3.395392999999999883e-01
1.642765999999999948e-01
4.142017000000000060e-01
-2.820876999999999968e-01
8.656424000000000063e-02
5.480939999999999701e-01
-4.243513999999999897e-01
1.084476999999999941e-01
5.658838999999999952e-01
-2.765006999999999882e-01
1.252022000000000135e-01
5.174919000000000047e-01
-2.021167000000000102e-01
2.138054000000000066e-01
4.874456999999999818e-01
-3.339343000000000172e-01
1.959778000000000076e-01
5.324022000000000476e-01
-2.861160999999999843e-01
2.523085999999999940e-01
4.528864000000000223e-01
-2.140098000000000000e-01
2.477179999999999938e-01
6.100678999999999963e-01
-2.197771000000000030e-01
2.058981000000000006e-01
4.971145000000000147e-01
-1.923499999999999932e-01
3.208380000000000121e-01
5.023642999999999859e-01
-2.760333999999999843e-01
3.758549999999999947e-01
4.318006999999999818e-01
-1.816253999999999924e-01
3.658236999999999739e-01
3.887448000000000015e-01
-1.955695000000000072e-01
4.090156999999999821e-01
3.241403999999999952e-01
-2.644112000000000129e-01
3.859661999999999815e-01
3.856756000000000073e-01
-2.756869000000000125e-01
4.359629999999999894e-01
3.658241999999999883e-01
-3.418219000000000118e-01
3.709287000000000001e-01
4.589662999999999937e-01
-3.359127000000000085e-01
3.963635999999999826e-01
4.412084000000000006e-01
-2.818185000000000273e-01
2.951939000000000091e-01
4.750359000000000109e-01
-3.586849999999999761e-01
3.062836999999999921e-01
3.576281000000000043e-01
-3.237599999999999922e-01
1.737036000000000135e-01
5.437830000000000163e-01
-3.813784000000000063e-01
2.625779999999999781e-01
5.865941000000000072e-01
-4.402278000000000024e-01
1.832553000000000099e-01
5.089453999999999922e-01
-4.474501000000000173e-01
1.719730999999999899e-01
5.355682000000000498e-01
-5.410241000000000078e-01
2.059487000000000123e-01
5.427132000000000067e-01
-5.057652999999999732e-01
1.125547999999999965e-01
4.457795999999999981e-01
-5.336796000000000317e-01
2.199944000000000066e-01
4.905963999999999881e-01
-4.261053000000000202e-01
2.903415999999999775e-01
4.263896999999999826e-01
-4.781177999999999817e-01
3.606681999999999944e-01
4.710840000000000027e-01
-5.460800999999999572e-01
3.119629999999999903e-01
3.901632999999999907e-01
-4.107308000000000070e-01
3.659607000000000276e-01
3.758187000000000055e-01
-5.182932000000000095e-01
2.984168999999999849e-01
3.785555999999999921e-01
-4.396615999999999858e-01
4.299850000000000061e-01
2.686656000000000044e-01
-3.814107999999999943e-01
3.494792999999999927e-01
3.440258999999999956e-01
-5.341835999999999807e-01
3.627864000000000089e-01
4.247624999999999873e-01
-4.579131000000000173e-01
2.530609999999999804e-01
4.814847999999999906e-01
-5.765698000000000212e-01
2.641255000000000130e-01
4.373752000000000195e-01
-5.352234000000000158e-01
1.304403000000000090e-01
4.742631999999999959e-01
-6.097597999999999629e-01
1.457069000000000003e-01
3.067971999999999921e-01
-5.504139999999999588e-01
1.548488000000000087e-01
3.694828000000000001e-01
-7.007432999999999579e-01
1.647881999999999958e-01
3.420230000000000214e-01
-6.732110999999999512e-01
3.232579999999999898e-01
4.023055999999999854e-01
-6.420666000000000428e-01
2.124516999999999933e-01
3.688387000000000193e-01
-6.076489000000000473e-01
3.644701000000000191e-01
2.826505000000000267e-01
-5.842922000000000393e-01
3.667526999999999870e-01
4.076942000000000066e-01
-6.312136999999999887e-01
2.802288000000000001e-01
3.243993000000000015e-01
-6.550930999999999838e-01
2.567434000000000105e-01
4.018638999999999961e-01
-6.893698999999999799e-01
1.433891999999999944e-01
3.550131999999999732e-01
-7.259354000000000084e-01
2.236107999999999985e-01
3.264170000000000127e-01
-8.116105000000000125e-01
2.651554999999999884e-01
3.991496999999999962e-01
-7.788028999999999646e-01
1.844174000000000091e-01
2.589873999999999787e-01
-6.903068999999999455e-01
2.994286999999999921e-01
2.458370000000000000e-01
-7.861086999999999936e-01
1.994660000000000044e-01
2.834963999999999817e-01
-6.957640999999999964e-01
1.550709000000000115e-01
2.009614000000000122e-01
-6.166622000000000492e-01
3.111563999999999997e-01
1.615805999999999909e-01
-6.783257000000000314e-01
2.623563999999999896e-01
2.971224000000000087e-01
-5.984606999999999566e-01
2.178765000000000007e-01
1.873352000000000073e-01
-7.187076000000000020e-01
2.185101000000000127e-01
1.065785999999999956e-01
-6.198801999999999923e-01
3.258231999999999795e-01
1.244386999999999993e-01
-7.597829000000000388e-01
3.134239999999999804e-01
6.516193000000000679e-02
-6.336783000000000277e-01
2.310910999999999937e-01
1.083594999999999914e-03
-6.919699000000000266e-01
1.961531999999999998e-01
5.772559000000000023e-02
-8.184415000000000440e-01
2.063358999999999888e-01
7.791654000000000288e-03
-7.949017999999999917e-01
1.295300000000000062e-01
5.028495000000000187e-02
-7.504939000000000471e-01
-2.169511999999999829e-02
-4.522428000000000003e-01
-2.025422000000000056e-01
-2.633345000000000269e-01
-4.943583999999999756e-01
-3.595535000000000259e-01
-2.493370000000000031e-01
-5.985749000000000208e-01
-3.437038000000000038e-01
-2.694984000000000268e-01
-6.251018000000000407e-01
-2.685003000000000251e-01
-2.022545000000000037e-01
-5.125458000000000514e-01
-2.573726000000000069e-01
-1.994943000000000133e-01
-6.147506000000000359e-01
-1.699661000000000088e-01
-2.200992999999999977e-01
-4.634978000000000153e-01
-9.020148000000000055e-02
-2.035544999999999993e-01
-5.935529000000000499e-01
-4.096999999999999947e-02
-2.224019999999999886e-01
-5.315339999999999510e-01
1.996420999999999960e-02
-2.319852000000000025e-01
-5.615183000000000257e-01
5.108163999999999760e-02
-3.302461999999999898e-01
-4.056364000000000081e-01
3.224163000000000051e-04
-3.597995999999999972e-01
-4.344833000000000167e-01
8.965277000000000662e-02
-3.870430000000000259e-01
-4.799052999999999791e-01
9.407632999999999968e-02
-4.931766000000000205e-01
-3.667175999999999769e-01
1.779156000000000071e-01
-5.135568000000000355e-01
-3.537885000000000058e-01
2.320056000000000063e-01
-6.259903999999999469e-01
-2.834291999999999923e-01
1.847952999999999957e-01
-6.366536000000000417e-01
-2.418523999999999952e-01
9.730012999999999856e-02
-5.561667999999999612e-01
-4.550982000000000083e-01
1.970497999999999972e-01
-5.121999999999999886e-01
-3.687942000000000164e-01
3.333182000000000089e-01
-5.361610999999999461e-01
-3.642643999999999882e-01
2.251518999999999882e-01
-4.141348000000000251e-01
-3.960199999999999831e-01
1.361165000000000014e-01
-3.106468000000000007e-01
-2.827472999999999792e-01
6.246017999999999709e-02
-3.896865999999999941e-01
-2.534596000000000071e-01
2.762933000000000056e-02
-2.824822000000000166e-01
-3.604139000000000093e-01
-2.424470999999999918e-02
-2.576165000000000260e-01
-2.041698999999999875e-01
7.138224000000000305e-03
-2.919555999999999818e-01
-2.087440000000000129e-01
-1.508334000000000064e-01
-2.512642999999999960e-01
-1.602215999999999918e-01
-6.673239999999999728e-02
-1.906983999999999901e-01
-2.676089999999999858e-01
-9.197993999999999615e-02
-8.370497000000000354e-02
-1.325093999999999994e-01
-1.260402999999999940e-01
-1.144609999999999933e-01
-2.568643999999999927e-01
-1.637340999999999935e-01
-2.125240999999999936e-01
-2.043085000000000040e-01
-2.625125999999999848e-01
-9.346514000000000211e-02
-1.436955000000000038e-01
-2.340587000000000084e-01
-3.944775999999999838e-02
-3.986487000000000225e-01
-1.341384999999999939e-01
1.371110000000000106e-01
-2.675037000000000109e-01
-1.535169000000000117e-01
1.027404999999999985e-01
-2.486595000000000055e-01
-2.960538999999999810e-01
9.560388000000000219e-02
-3.883891999999999900e-01
-2.749647000000000063e-01
1.462866999999999917e-01
-4.813448000000000171e-01
-3.390428999999999804e-01
1.822998000000000118e-01
-4.360360999999999820e-01
-2.599769000000000108e-01
2.316243000000000052e-01
-3.164958999999999967e-01
-3.188755999999999813e-01
2.085152000000000116e-01
-2.023092999999999975e-01
-3.559977999999999754e-01
9.812643999999999533e-02
-2.958675000000000055e-01
-4.037486000000000130e-01
2.229603000000000002e-01
-4.363509999999999889e-01
-4.124644000000000088e-01
1.550065999999999944e-01
-3.964752999999999750e-01
-4.130337000000000036e-01
2.770022999999999791e-01
-2.447313000000000127e-01
-3.979512000000000049e-01
3.814829000000000137e-02
-4.250222000000000167e-01
-5.300040999999999780e-01
2.673440999999999734e-01
-2.296451999999999938e-01
-5.667980000000000240e-01
2.094215000000000104e-01
-3.644674999999999998e-01
-5.222653000000000434e-01
3.279930999999999819e-01
-3.179325000000000068e-01
-6.440422000000000091e-01
2.696862999999999899e-01
-2.385422000000000098e-01
-4.948365000000000125e-01
8.385259999999999936e-02
-2.371648000000000089e-01
-5.377216999999999691e-01
2.643900000000000139e-01
-3.969715999999999800e-01
-5.996616000000000168e-01
2.042545000000000055e-01
-3.873597999999999764e-01
-6.833951999999999805e-01
2.286925999999999959e-01
-4.455704999999999805e-01
-5.952903000000000500e-01
1.631511999999999962e-01
-2.888643000000000183e-01
-5.345349999999999824e-01
2.679150999999999842e-03
-3.901017999999999986e-01
-6.796039999999999859e-01
9.730661000000000171e-02
-3.187017999999999796e-01
-6.736541999999999808e-01
1.864903999999999867e-02
-4.207474999999999965e-01
-6.389321000000000028e-01
2.439349999999999852e-02
-3.257377000000000189e-01
-5.087654999999999816e-01
-1.370038000000000072e-03
-3.473317000000000210e-01
-3.123110000000000053e-01
-4.588080999999999965e-01
-3.171583000000000041e-01
-4.708033999999999830e-01
-4.345897000000000232e-01
-3.543408000000000113e-01
-5.030940000000000412e-01
-5.745886000000000049e-01
-4.590796999999999795e-01
-4.842105999999999910e-01
-5.292643999999999682e-01
-4.334087999999999830e-01
-4.466639000000000026e-01
-5.997206000000000481e-01
-4.852741999999999889e-01
-4.018502999999999936e-01
-5.525126000000000204e-01
-4.034189000000000247e-01
-3.249143999999999921e-01
-6.327625999999999529e-01
-3.353284999999999738e-01
-3.466101999999999794e-01
-6.858315999999999857e-01
-3.424748000000000236e-01
-2.098475999999999952e-01
-5.956854000000000315e-01
-2.556448000000000054e-01
-1.792176000000000047e-01
-5.786700999999999651e-01
-3.235585000000000266e-01
-1.421199999999999963e-01
-7.495853999999999573e-01
-2.853280000000000260e-01
-7.753021999999999692e-02
-8.063554000000000554e-01
-3.421660999999999730e-01
-2.179578999999999891e-02
-7.697787999999999853e-01
-3.007216999999999807e-01
6.968140999999999918e-02
-8.158343999999999596e-01
-2.284744999999999970e-01
1.157368000000000008e-01
-7.730108999999999453e-01
-3.045888999999999958e-01
1.427460999999999869e-01
-7.441174000000000399e-01
-2.778865999999999836e-01
4.128206999999999710e-02
-7.455933000000000144e-01
-4.220370999999999984e-01
1.897128000000000009e-02
-7.386439000000000199e-01
-4.109259000000000106e-01
-8.586056999999999717e-02
-7.158305999999999836e-01
-5.036764999999999715e-01
-8.853990999999999945e-02
-5.820657999999999666e-01
-4.168652999999999942e-01
-1.855063999999999880e-01
-6.807509000000000476e-01
-3.419209000000000276e-01
-1.815987000000000018e-01
-5.298178999999999528e-01
-5.085899999999999865e-01
-1.634187000000000001e-01
-5.445969999999999978e-01
-5.316528000000000365e-01
-1.908945999999999976e-01
-4.469699999999999784e-01
-4.836108000000000073e-01
-2.605773000000000117e-01
-4.957357000000000014e-01
-5.841442000000000023e-01
-3.062529999999999974e-01
-4.666036000000000072e-01
-5.235727999999999493e-01
-3.846401999999999877e-01
-4.853045000000000275e-01
-5.836460999999999455e-01
-2.403278000000000081e-01
-4.393094000000000166e-01
-6.846417999999999948e-02
-7.545302999999999871e-01
-2.731130999999999975e-01
-6.724903999999999604e-02
-8.870354999999999768e-01
-1.912755999999999901e-01
-1.718294000000000071e-02
-8.641837999999999465e-01
-2.666759000000000213e-01
3.977722000000000202e-02
-8.739995999999999876e-01
-2.368257000000000001e-01
8.523177999999999310e-02
-8.274622000000000366e-01
-3.179618000000000166e-01
1.430784999999999973e-01
-8.509020000000000472e-01
-2.351681999999999939e-01
8.412451999999999430e-02
-8.082652000000000170e-01
-1.549472000000000071e-01
1.571728000000000014e-01
-8.543756000000000128e-01
-1.271897999999999918e-01
2.104207999999999912e-01
-8.015337000000000156e-01
-1.049568000000000029e-01
2.853645000000000209e-01
-7.722246999999999861e-01
-1.339940000000000020e-01
2.338977999999999891e-01
-8.182331000000000465e-01
-2.421951999999999994e-01
2.996556000000000219e-01
-7.996081999999999912e-01
-2.321815000000000129e-01
2.085058999999999940e-01
-7.891042000000000334e-01
-3.136260000000000159e-01
1.883266000000000107e-01
-6.961095000000000477e-01
-2.854239000000000082e-01
2.372153999999999929e-01
-6.392099999999999449e-01
-2.319172999999999929e-01
3.929850999999999761e-01
-6.824554999999999927e-01
-1.773600999999999928e-01
3.285753000000000146e-01
-7.052283000000000301e-01
-1.671833000000000069e-01
2.573733000000000271e-01
-7.088134999999999852e-01
-3.361159000000000230e-01
3.769919999999999938e-01
-7.297004000000000268e-01
-2.785514000000000046e-01
4.167814000000000241e-01
-6.456775999999999627e-01
-2.588914999999999966e-01
3.244298999999999933e-01
-6.512173999999999463e-01
-3.157642999999999978e-01
4.004726000000000119e-01
-5.486733000000000304e-01
-2.172821000000000058e-01
1.851819000000000104e-01
-4.733944999999999959e-01
-1.656106999999999996e-01
4.996180000000000065e-01
-5.430785999999999669e-01
-2.137179999999999913e-01
4.549965000000000259e-01
-5.529446999999999557e-01
-3.437683999999999740e-01
4.639150000000000218e-01
-4.688118000000000007e-01
-2.773068000000000199e-01
4.056606999999999852e-01
-6.085460999999999787e-01
-3.603721999999999759e-01
4.683028000000000191e-01
-4.876529000000000003e-01
-3.441324000000000050e-01
3.469458000000000264e-01
-5.464691999999999883e-01
-4.023077999999999932e-01
4.484197999999999795e-01
-4.962067000000000005e-01
-4.426570000000000227e-01
4.287362000000000117e-01
-4.029311999999999894e-01
-3.710702000000000167e-01
2.718856000000000050e-01
-4.715242000000000044e-01
-3.915157000000000220e-01
3.100730999999999904e-01
-5.308483000000000507e-01
-4.810093999999999759e-01
3.519637999999999933e-01
-4.440465000000000106e-01
-4.703196000000000043e-01
4.047741999999999729e-01
-3.797305999999999737e-01
-4.808246999999999938e-01
3.573112999999999984e-01
-3.266368000000000049e-01
-4.052045000000000230e-01
2.742041000000000062e-01
-2.899370000000000003e-01
-3.792262000000000133e-01
2.693412000000000028e-01
-4.068300000000000249e-01
-5.382004000000000232e-01
2.918089999999999851e-01
-3.468783999999999756e-01
-5.413510000000000266e-01
2.686755000000000115e-01
-2.906470999999999916e-01
-5.096713000000000493e-01
2.984536999999999884e-01
-2.148087999999999942e-01
-5.320437999999999557e-01
1.567066000000000014e-01
-3.260655000000000081e-01
-5.606744000000000172e-01
1.915171999999999985e-01
-2.265321999999999891e-01
-5.720764000000000404e-01
2.390674000000000132e-01
-1.118491999999999958e-01
-5.778408999999999907e-01
1.525901000000000063e-01
-1.466693000000000024e-01
-6.469717000000000384e-01
1.278929000000000038e-01
-1.698365000000000014e-01
-6.983445999999999820e-01
1.501454000000000122e-01
-9.011650000000000216e-02
-7.687842999999999760e-01
1.475130000000000052e-01
-3.043971999999999997e-02
-6.948282000000000069e-01
5.456165999999999794e-02
1.049293999999999921e-02
-7.512347000000000330e-01
3.652480999999999783e-02
7.995370999999999728e-02
-7.457789000000000224e-01
-3.865263000000000032e-02
6.103847999999999913e-02
-7.369347000000000536e-01
9.342437000000000658e-02
8.551525000000000098e-02
-7.159961999999999716e-01
1.214283000000000029e-01
2.912179000000000156e-02
-7.851616999999999624e-01
1.539149999999999963e-01
-5.596915000000000050e-03
-6.090149000000000257e-01
4.465356000000000186e-02
-9.814283000000000035e-02
-4.517307999999999879e-01
1.035177999999999932e-01
-6.573676999999999992e-02
-4.144200000000000106e-01
8.545331000000000454e-02
-4.146512000000000114e-02
-5.748423999999999756e-01
1.875225000000000086e-01
-1.533858999999999917e-01
-5.146549999999999736e-01
1.907028000000000056e-01
-1.107973000000000013e-01
-4.586856999999999740e-01
2.046823000000000115e-01
-2.320019000000000109e-01
-5.073018000000000249e-01
1.496479000000000004e-01
-2.252096000000000098e-01
-3.292094999999999883e-01
3.400864000000000109e-01
-1.634117999999999959e-01
-4.747874000000000261e-01
3.047796999999999867e-01
-2.818504000000000009e-01
-4.579062999999999883e-01
3.413607000000000169e-01
-1.420009999999999883e-01
-3.635793999999999970e-01
3.600877000000000105e-01
-2.276228999999999891e-01
-4.244742000000000237e-01
4.233934999999999782e-01
-2.914273000000000002e-01
-4.279047000000000267e-01
4.326732999999999829e-01
-2.105767000000000055e-01
-3.392512999999999779e-01
4.292352999999999863e-01
-2.810927999999999760e-01
-3.141383999999999843e-01
2.925138999999999934e-01
-2.966334999999999944e-01
-2.537410999999999972e-01
2.192278000000000004e-01
-2.628441999999999723e-01
-2.063974000000000086e-01
3.073601999999999723e-01
-1.403554999999999942e-01
-2.681817000000000228e-01
3.860632999999999981e-01
-2.488045000000000118e-01
-1.750471999999999861e-01
3.528194000000000052e-01
-3.485023999999999900e-01
-2.936090000000000089e-01
4.675852999999999815e-01
-3.840605000000000269e-01
-2.988967000000000152e-01
4.940018999999999938e-01
-2.936167000000000082e-01
-2.380467000000000000e-01
4.502674999999999872e-01
-4.217215000000000269e-01
-2.039565999999999879e-01
5.155541999999999625e-01
-3.977054999999999896e-01
-1.005536000000000069e-01
4.746750000000000136e-01
-3.720648999999999762e-01
-1.636199000000000126e-01
5.320209999999999662e-01
-3.070191999999999921e-01
-1.204242999999999980e-01
4.678045000000000120e-01
-2.369841000000000031e-01
-8.255049000000000414e-02
4.177771000000000123e-01
-3.290854999999999753e-01
-2.791157999999999834e-02
3.100975000000000259e-01
-3.458532000000000273e-01
-4.506509000000000209e-02
2.646913000000000182e-01
-2.355734999999999912e-01
-1.562620999999999871e-01
1.873932000000000098e-01
-3.404361000000000193e-01
-5.789798000000000167e-02
2.879757000000000011e-01
-4.115209000000000228e-01
2.320028999999999841e-02
3.524169999999999803e-01
-4.783146999999999816e-01
-7.166575999999999502e-02
4.170498000000000260e-01
-4.220797000000000021e-01
4.845561000000000312e-02
4.806028999999999995e-01
-5.054172999999999583e-01
-7.318523000000000389e-02
4.692037000000000013e-01
-4.525222999999999884e-01
8.271360000000000171e-03
4.927706000000000031e-01
-5.768145000000000078e-01
-2.480121000000000062e-02
3.969435000000000047e-01
-5.547855999999999899e-01
9.529513000000000567e-02
4.599995000000000056e-01
-5.677820000000000089e-01
5.461213000000000178e-02
3.854826000000000086e-01
-6.243545000000000345e-01
1.739171000000000120e-02
3.726382999999999779e-01
-6.704379000000000310e-01
8.426667999999999659e-02
4.607706999999999775e-01
-7.090201000000000420e-01
1.841175999999999924e-02
4.307563999999999838e-01
-6.921367000000000491e-01
-8.250493000000000410e-02
3.417099000000000109e-01
-7.459584999999999688e-01
-7.534093000000000387e-03
3.689194000000000084e-01
-7.390343999999999802e-01
-8.406539999999999846e-02
2.956634000000000206e-01
-7.066257000000000232e-01
7.099903000000000464e-02
2.594269000000000158e-01
-7.412651999999999575e-01
-4.915162999999999954e-04
1.820083999999999869e-01
-6.116141000000000494e-01
3.863383000000000095e-02
2.395066999999999890e-01
-7.212070000000000425e-01
1.538795000000000024e-01
2.100983999999999907e-01
-7.707829000000000486e-01
9.865047000000000399e-02
1.357621999999999995e-01
-7.435777999999999555e-01
5.754991999999999747e-02
1.597009000000000067e-01
-8.419406000000000390e-01
8.361087999999999854e-02
1.636398000000000019e-01
-8.277546000000000070e-01
-4.136908000000000252e-02
7.068159999999999721e-02
-8.576823999999999559e-01
-7.100352999999999526e-02
4.681762999999999897e-02
-6.520424000000000220e-01
-7.039765000000000605e-02
4.084238999999999925e-02
-5.331244000000000538e-01
-1.045004999999999962e-01
5.204254999999999992e-02
-3.922632999999999814e-01
-1.861266000000000032e-01
-3.442011999999999849e-01
-3.690758000000000094e-01
-3.773996000000000017e-01
-5.756065000000000209e-01
-4.018205000000000249e-01
-4.156925000000000203e-01
-5.153191000000000299e-01
-3.642993999999999954e-01
-4.441122000000000125e-01
-2.899552000000000240e-01
-2.711117000000000110e-01
-3.350286000000000097e-01
-5.745004000000000222e-01
-2.507170000000000232e-01
-3.798073000000000143e-01
-5.357750999999999486e-01
-2.277901999999999982e-01
-4.963704999999999923e-01
-3.878415000000000057e-01
-2.479294999999999971e-01
-5.145035000000000025e-01
-5.140179000000000276e-01
-1.038889999999999952e-01
-6.007565999999999740e-01
-3.986734000000000111e-01
-9.629944000000000004e-02
-6.329302999999999457e-01
-3.676144000000000078e-01
5.088527999999999801e-02
-6.017088999999999910e-01
-2.774444999999999828e-01
8.321728000000000458e-02
-7.329282999999999770e-01
-4.034362000000000226e-01
1.796450999999999951e-02
-6.512206999999999857e-01
-4.546246999999999927e-01
-2.736320999999999892e-03
-5.335056000000000243e-01
-5.073047000000000528e-01
-8.655517000000000072e-02
-4.653217000000000048e-01
-4.337689000000000128e-01
-3.381987999999999661e-02
-4.318100000000000271e-01
-5.284879000000000104e-01
-5.840834000000000303e-02
-3.215866000000000002e-01
-5.088939999999999575e-01
-1.443212000000000106e-01
-3.331485000000000141e-01
-5.972110999999999947e-01
-2.002846000000000071e-01
-2.716842999999999897e-01
-5.185648000000000479e-01
-3.039916999999999758e-01
-3.340860999999999970e-01
-4.989828000000000041e-01
-2.941549999999999998e-01
-2.550050999999999846e-01
-3.676037999999999806e-01
-2.663030000000000119e-01
-2.505465000000000053e-01
-3.248596999999999735e-01
-3.324574000000000140e-01
-1.820198000000000094e-01
-4.133447000000000093e-01
-3.902539999999999898e-01
-2.058325000000000016e-01
-5.436258000000000479e-01
-4.084433000000000091e-01
-1.612796999999999981e-01
-3.830231000000000052e-01
-4.978959000000000024e-01
-2.398949999999999971e-01
-4.644679999999999920e-01
-5.090297000000000294e-01
-1.898342000000000085e-01
-5.574099000000000137e-01
-5.258694999999999897e-01
-1.473453999999999875e-01
-4.115006999999999970e-01
-5.562348000000000292e-01
-1.245389999999999969e-01
-3.905930000000000235e-01
-4.291951999999999989e-01
-5.192991999999999747e-02
-5.257939000000000362e-01
-4.868237999999999732e-01
-2.987601000000000145e-02
-5.521485000000000420e-01
-5.843728000000000256e-01
-4.569502000000000286e-02
-5.949969999999999981e-01
-5.125728999999999980e-01
1.653127999999999889e-02
-5.090567000000000286e-01
-3.832716999999999929e-01
9.226972999999999425e-02
-5.709859999999999935e-01
-4.281130000000000213e-01
8.074256000000000488e-02
-4.080703999999999998e-01
-3.920797999999999783e-01
4.941787999999999736e-02
-4.728511000000000242e-01
-5.029481999999999564e-01
4.794622999999999940e-02
-5.006070999999999716e-01
-4.565182999999999880e-01
1.373005999999999949e-01
-4.917218999999999896e-01
-5.190099999999999714e-01
1.846816000000000013e-01
-4.363519000000000148e-01
-5.667988999999999944e-01
8.818707000000000629e-02
-3.446556000000000064e-01
-5.186933000000000238e-01
1.517191999999999985e-01
-2.974862999999999813e-01
-5.807586999999999611e-01
6.948769000000000473e-02
-3.556818999999999953e-01
-5.093267999999999684e-01
2.037314000000000069e-01
-3.254746000000000028e-01
-6.546351000000000253e-01
1.355753000000000097e-01
-4.982387999999999817e-01
-6.649547000000000097e-01
1.369675999999999949e-01
-4.450314000000000214e-01
-7.262220999999999815e-01
1.412436999999999998e-01
-4.007110999999999867e-01
-6.502537000000000456e-01
4.814332999999999807e-02
-3.277142000000000110e-01
-7.374169999999999892e-01
6.454877000000000531e-02
-3.499261000000000177e-01
-7.975725000000000176e-01
-5.475262999999999658e-02
-3.577998000000000012e-01
-7.431725000000000136e-01
-3.458483999999999951e-03
-3.304192000000000240e-01
-7.232507999999999715e-01
-1.098444999999999977e-01
-4.072027999999999759e-01
-7.038993999999999529e-01
-5.406568999999999958e-02
-2.783903999999999823e-01
-7.040963999999999556e-01
-6.294766000000000250e-02
-2.423418999999999990e-01
-6.214070999999999900e-01
-5.811935000000000018e-02
-1.669438000000000033e-01
-4.917542999999999775e-01
-1.229119999999999935e-01
-8.388059000000000487e-02
-3.588318999999999814e-01
-1.686912000000000134e-01
1.023733999999999929e-02
-2.291018999999999972e-01
-1.995261000000000118e-01
1.183034000000000030e-01
-1.090563999999999978e-01
-2.225199999999999956e-01
-1.072691000000000061e-01
-5.117876999999999565e-01
-3.840015999999999985e-01
-2.021045999999999954e-01
-4.836444999999999772e-01
-2.539602000000000248e-01
-2.828905999999999921e-01
-4.944057000000000035e-01
-1.120334000000000052e-01
-5.377131000000000549e-01
-6.398568999999999507e-01
-1.360400999999999971e-01
-3.967238000000000153e-01
-6.430649000000000504e-01
-1.570191999999999977e-01
-4.927345000000000197e-01
-6.381445999999999508e-01
-4.967962000000000072e-02
-4.335309999999999997e-01
-6.306076000000000459e-01
-1.056529999999999969e-01
-4.839588000000000223e-01
-5.268426000000000498e-01
-6.516517000000000316e-03
-4.854663000000000173e-01
-5.495995000000000186e-01
-8.531487999999999572e-02
-4.321770999999999807e-01
-5.581087000000000131e-01
2.683674000000000129e-02
-3.719249000000000027e-01
-6.523679000000000006e-01
-9.190012999999999654e-02
-3.779217000000000271e-01
-4.899759000000000198e-01
-8.042172999999999683e-02
-4.758257000000000181e-01
-4.413346000000000213e-01
1.073224000000000053e-02
-4.505156000000000160e-01
-3.350446999999999731e-01
9.963982999999999174e-03
-5.149268000000000178e-01
-4.206097999999999781e-01
-1.067353999999999942e-01
-1.801165000000000127e-01
-2.909995000000000220e-01
-1.412131000000000081e-01
-3.532787000000000011e-01
-3.493497999999999881e-01
-1.206866000000000050e-01
-5.078371000000000413e-01
-3.382658000000000054e-01
-1.716328000000000020e-01
-5.724555999999999534e-01
-3.013514999999999944e-01
-2.654108999999999982e-02
-5.550591999999999748e-01
-3.445018000000000247e-01
-1.200607999999999953e-01
-5.203094000000000330e-01
-2.081762000000000057e-01
-2.328434999999999880e-02
-5.532167000000000057e-01
-2.377013000000000043e-01
-1.142794000000000032e-01
-5.456955000000000000e-01
-1.316838999999999926e-01
-7.043989999999999974e-02
-3.661984999999999824e-01
-1.417805000000000037e-01
-1.148344000000000031e-01
-4.359770000000000034e-01
-8.557423999999999586e-02
-1.359134999999999927e-01
-5.385782000000000069e-01
-1.566772999999999916e-01
-1.886970000000000036e-01
-6.097820000000000462e-01
-1.119079999999999936e-01
-2.633861000000000119e-01
-5.288692000000000393e-01
-4.229791000000000106e-02
-2.659936999999999996e-01
-4.400783999999999807e-01
-1.825736000000000026e-01
-3.033520000000000105e-01
-3.949437000000000086e-01
-1.153644999999999948e-01
-3.447704999999999798e-01
-5.250709000000000071e-01
-6.835660000000000347e-02
-4.075671000000000155e-01
-4.418896999999999964e-01
4.737460999999999756e-02
-3.818000999999999756e-01
-5.442167999999999450e-01
8.229646999999999657e-02
-4.894176000000000082e-01
-5.017236999999999947e-01
1.152756000000000058e-01
-5.593671999999999533e-01
-4.053357000000000210e-01
1.683102999999999960e-01
-6.581236000000000308e-01
-3.773483000000000254e-01
1.464077000000000017e-01
-7.481636000000000397e-01
-4.227165999999999979e-01
9.298733000000000692e-02
-7.539797000000000304e-01
-4.538382999999999723e-01
1.038489999999999969e-01
-6.326313000000000075e-01
-5.190924999999999567e-01
-2.553218999999999975e-02
-6.609886000000000372e-01
-4.715796999999999906e-01
8.985306999999999322e-02
-7.662166000000000254e-01
-4.819556999999999869e-01
-3.193097000000000296e-02
-6.583212999999999981e-01
-4.845552000000000192e-01
-1.725781999999999872e-01
-5.756599000000000022e-01
-5.917489000000000221e-01
-1.720312999999999981e-01
-5.372751000000000055e-01
-2.477171999999999985e-01
-2.221226000000000034e-01
-3.436384000000000105e-01
-1.273245000000000071e-01
-7.134939000000000142e-01
-3.831943000000000155e-02
-9.440223999999999838e-02
-6.044123000000000134e-01
-1.549974000000000074e-01
-2.241914000000000129e-01
-7.031355999999999717e-01
-1.594153000000000098e-01
-2.795504999999999796e-01
-8.005611000000000255e-01
-1.728584999999999983e-01
-2.025795999999999986e-01
-8.005546000000000051e-01
-1.568775000000000031e-01
-1.974782999999999955e-01
-7.706834999999999658e-01
-2.319858999999999949e-01
-1.137154999999999971e-01
-8.094310999999999590e-01
-2.312968999999999997e-01
-1.220423000000000063e-01
-5.640808999999999962e-01
-1.527947000000000055e-01
-9.473620000000000652e-02
-6.709538999999999920e-01
-1.767523000000000011e-01
-2.131803000000000170e-02
-5.098770999999999720e-01
-1.850441999999999920e-01
-4.467385000000000106e-02
-6.999562000000000284e-01
-2.871533000000000002e-01
5.647975000000000217e-02
-7.776214000000000182e-01
-2.321766000000000107e-01
1.190643000000000083e-02
-7.353349000000000135e-01
-3.183796999999999877e-01
7.830687000000000064e-02
-7.690249999999999586e-01
-3.571982000000000212e-01
1.076719000000000009e-01
-6.987003000000000519e-01
-2.865268000000000259e-01
8.841211000000000209e-02
-5.585514000000000312e-01
-2.598322000000000132e-01
5.929718999999999962e-02
-6.534624999999999462e-01
-3.489998999999999740e-01
1.821029000000000120e-01
-6.251172000000000395e-01
-3.868610000000000104e-01
2.195998000000000117e-01
-5.660827000000000497e-01
-4.490723999999999827e-01
1.115238999999999953e-01
-5.318869000000000513e-01
-3.725549000000000222e-01
1.558588999999999947e-01
-6.997345000000000370e-01
-4.597838000000000203e-01
7.265958999999999612e-02
-6.852970000000000450e-01
-4.687132999999999994e-01
9.839380000000000348e-02
-6.176384999999999792e-01
-4.694928999999999908e-01
1.981460999999999917e-01
-5.681059000000000525e-01
-5.103290000000000326e-01
1.619433999999999874e-01
-6.200345999999999913e-01
-6.169432999999999723e-01
8.440851000000000603e-02
-6.820302000000000309e-01
-6.304338999999999915e-01
8.578871000000000413e-02
-5.441837000000000479e-01
-5.378870000000000040e-01
1.784207999999999905e-01
-4.815884000000000276e-01
-5.253037999999999874e-01
1.375750000000000028e-01
-5.071430000000000105e-01
-6.051855000000000429e-01
6.230104999999999671e-02
-5.065895000000000259e-01
-7.499765000000000459e-01
1.478524999999999978e-02
-5.245111000000000079e-01
-5.949309000000000403e-01
1.624655000000000127e-01
-4.008870999999999962e-01
-6.125133000000000383e-01
6.858208999999999833e-02
-4.546892000000000156e-01
-6.747526999999999830e-01
1.456280000000000074e-01
-4.113682000000000172e-01
-6.771643999999999997e-01
2.612801999999999833e-02
-4.551807999999999965e-01
-7.342986000000000235e-01
7.353270000000000639e-02
-2.975238000000000049e-01
-6.326060999999999490e-01
7.503860000000000217e-03
-3.383642000000000039e-01
-7.541373999999999578e-01
7.144411000000000511e-02
-2.687146000000000257e-01
-7.341444000000000303e-01
-1.786565000000000028e-02
-2.335355000000000070e-01
-7.267474000000000434e-01
1.794588000000000086e-02
-1.752379000000000020e-01
-7.810932999999999904e-01
-4.867405999999999816e-02
-1.205924000000000024e-01
-8.109096999999999555e-01
-6.912596000000000018e-02
-6.518548999999999871e-02
-6.918855000000000421e-01
-1.394788999999999890e-01
4.358863999999999794e-02
-8.752535000000000176e-01
-1.843864000000000058e-01
5.986563000000000301e-03
-9.195630000000000193e-01
-8.132905999999999469e-02
2.224807000000000173e-02
-8.902060000000000528e-01
-1.382748000000000033e-01
-9.892910000000000592e-02
-8.830476000000000436e-01
-7.927792000000000172e-02
-1.505160000000000109e-01
-7.606488999999999612e-01
-8.695107000000000530e-02
-1.751986000000000099e-01
-6.665238999999999470e-01
-1.528121000000000063e-01
-2.796429999999999749e-01
-7.425291000000000530e-01
-1.571162000000000114e-01
-3.761290999999999940e-01
-7.172680999999999640e-01
-1.013319000000000025e-01
-3.551616000000000217e-01
-7.815824999999999578e-01
-3.055644999999999889e-02
-2.952761999999999887e-01
-5.542647000000000546e-01
-9.348646999999999860e-03
-3.943280000000000118e-01
-7.020596000000000059e-01
-4.936588000000000087e-02
-3.567494999999999972e-01
-4.967646000000000006e-01
-1.414947000000000010e-01
-4.606071999999999944e-01
-6.059280999999999695e-01
-9.398499000000000436e-02
-5.249106000000000050e-01
-7.110319999999999974e-01
-2.900799999999999820e-03
-4.920772999999999953e-01
-5.974382000000000303e-01
-1.564230000000000065e-01
-5.396589000000000524e-01
-5.935177999999999843e-01
-4.591256999999999977e-02
-5.072294000000000525e-01
-5.011963000000000390e-01
-1.850532000000000010e-01
-6.160092000000000345e-01
-5.443702000000000263e-01
-4.128795999999999855e-02
-6.238848999999999645e-01
-5.884605000000000530e-01
-1.107806999999999958e-01
-6.395553999999999961e-01
-5.266558000000000073e-01
-1.592474999999999863e-01
-5.965198999999999918e-01
-4.502441999999999833e-01
-1.972588999999999940e-02
-6.282889999999999864e-01
-4.898477999999999999e-01
-5.758096000000000048e-02
-5.393833000000000100e-01
-3.593012999999999901e-01
-4.176131000000000287e-02
-7.253578000000000525e-01
-4.962556000000000189e-01
-1.153578999999999993e-01
-7.218124000000000207e-01
-4.515076000000000089e-01
-2.302627999999999897e-01
-7.191425000000000178e-01
-4.756916999999999951e-01
-1.711403999999999981e-01
-7.467306999999999695e-01
-4.403739999999999877e-01
-2.134075000000000000e-01
-7.563341999999999565e-01
-3.779166999999999943e-01
-3.247995000000000188e-01
-6.805001999999999995e-01
-3.580255999999999994e-01
-3.052926999999999724e-01
-7.447736000000000356e-01
-4.216678999999999844e-01
-3.556337999999999999e-01
-7.963476000000000443e-01
-3.388332000000000011e-01
-2.563813999999999815e-01
-7.550957000000000363e-01
-3.455898000000000025e-01
-3.989856999999999987e-01
-6.819667999999999841e-01
-3.759964000000000084e-01
-3.847082000000000002e-01
-3.668351999999999724e-01
1.716049000000000047e-01
-4.855735999999999941e-01
-3.959820000000000007e-01
2.102649000000000046e-01
-4.820536999999999739e-01
-3.325833999999999735e-01
2.835957000000000061e-01
-4.704327999999999843e-01
-3.924838999999999967e-01
3.902733999999999925e-01
-3.956316999999999751e-01
-3.094521000000000077e-01
4.105991999999999975e-01
-2.978779999999999761e-01
-3.573293000000000164e-01
2.991896000000000000e-01
-2.517236999999999947e-01
-4.016218999999999761e-01
1.489341000000000137e-01
-1.089697000000000027e-01
-3.231062000000000101e-01
1.563656999999999964e-01
-1.410926999999999876e-01
-2.792788999999999966e-01
3.102497000000000171e-01
-1.896959000000000006e-01
-3.139817999999999776e-01
2.673687000000000147e-01
-2.490461999999999954e-01
-1.648197999999999885e-01
3.383065000000000100e-01
-1.726293999999999884e-01
-1.567593999999999932e-01
2.119638000000000078e-01
-1.918866999999999934e-01
-7.326201999999999714e-02
3.805381999999999931e-01
-8.201297999999999921e-02
-1.757536000000000168e-02
4.009039999999999826e-01
-1.150980000000000059e-01
-1.400131000000000014e-01
3.507360999999999951e-01
-3.267803999999999848e-02
-1.157958000000000043e-01
1.573615999999999904e-01
-1.864646000000000081e-01
1.375977999999999923e-02
4.009306999999999732e-01
-1.108140999999999987e-01
4.819666000000000228e-02
3.225122000000000266e-01
-2.296777000000000124e-01
-4.903795999999999849e-02
2.284549999999999914e-01
-2.915525999999999951e-01
6.252757999999999754e-03
2.934441999999999884e-01
-2.128149000000000013e-01
9.142079000000000177e-02
2.846564999999999790e-01
-1.364346999999999921e-01
-8.419068000000000385e-02
1.145902000000000032e-01
-8.419585999999999737e-02
6.966081000000000356e-02
2.406694000000000055e-01
-4.773543000000000230e-02
3.515280999999999961e-02
1.094279999999999975e-01
-1.388738999999999946e-01
1.370245999999999964e-01
2.151997999999999966e-01
-2.535099000000000102e-01
2.992256000000000082e-02
1.392093000000000080e-01
-1.452939000000000036e-01
7.467869000000000590e-02
1.032832999999999946e-01
-1.598714999999999997e-01
-7.122873999999999872e-02
-1.774252000000000034e-03
-2.395523999999999987e-01
1.464316999999999980e-01
1.131339999999999985e-01
-1.727864000000000066e-01
1.914572999999999969e-01
1.227419000000000010e-01
-6.800399999999999501e-02
-4.246459999999999818e-02
-5.537020000000000136e-02
-8.034963000000000521e-02
1.530325999999999909e-01
-1.690996000000000166e-02
-1.974045000000000105e-01
1.461311000000000138e-01
-2.986671000000000117e-02
-1.303964999999999985e-01
1.461734000000000089e-01
-1.243548000000000014e-01
-2.599441000000000113e-01
1.617145999999999861e-01
-9.702244000000000146e-02
-1.766150999999999971e-01
1.902015999999999984e-01
-1.856910999999999978e-01
-2.728953000000000073e-01
2.566827999999999887e-01
-1.666755000000000042e-01
-1.991673999999999944e-01
2.842528000000000277e-01
-1.343157000000000101e-01
-2.312951000000000035e-01
3.688497000000000026e-01
-2.447444000000000008e-01
-1.263176000000000021e-01
5.806009000000000170e-02
-2.402118000000000031e-01
-2.507243000000000110e-01
2.561024000000000078e-01
-3.531182999999999961e-01
-2.987259999999999915e-01
3.391624999999999779e-01
-4.347275999999999918e-01
-2.318387000000000087e-01
3.007347000000000214e-01
-4.834620000000000029e-01
-2.412650000000000072e-01
2.620428000000000202e-01
-5.799792000000000280e-01
-3.122870999999999841e-01
3.258249999999999758e-01
-6.051706999999999503e-01
-2.317404000000000130e-01
2.014759000000000133e-01
-5.118093000000000226e-01
-2.415443999999999924e-01
2.168662000000000090e-01
-4.095503999999999811e-01
-3.877573999999999743e-01
2.111051999999999929e-01
-4.345856000000000163e-01
-3.518484000000000056e-01
2.772614999999999941e-01
-3.614605000000000179e-01
-3.330099999999999727e-01
1.948421999999999932e-01
-2.190658000000000050e-01
-4.531529999999999725e-01
2.271961999999999871e-01
-2.765801999999999983e-01
-4.444128999999999996e-01
1.228507999999999961e-01
-2.344902000000000097e-01
-3.840498999999999996e-01
2.112814000000000081e-01
-1.537882999999999889e-01
-5.211029999999999829e-01
1.668202000000000018e-01
-1.318863000000000119e-01
-4.205694999999999850e-01
1.786738999999999966e-01
-6.636902999999999553e-02
-4.910259000000000151e-01
9.352053999999999923e-02
-7.543727999999999545e-02
-4.582003000000000048e-01
1.540507000000000126e-01
7.620420000000000145e-03
-5.199234999999999829e-01
7.603659999999999586e-02
2.304184000000000093e-02
-4.514996000000000009e-01
3.260389999999999816e-02
-3.614373000000000152e-03
-5.414607999999999643e-01
-2.964278000000000052e-02
-7.663630999999999742e-03
-4.595390999999999782e-01
-6.688009999999999788e-02
2.750747000000000110e-04
-3.960905000000000120e-01
-6.196516999999999997e-02
-4.111266999999999699e-02
-5.190561999999999676e-01
-1.522525999999999879e-01
3.350548999999999888e-02
-5.492812000000000250e-01
-1.827485000000000082e-01
-2.811374999999999985e-02
-5.909065999999999486e-01
-2.394989999999999897e-01
-6.483384999999999843e-02
-4.533166000000000140e-01
-2.447913999999999923e-01
-8.006800999999999502e-02
-4.025236999999999843e-01
-2.472562000000000093e-01
-2.351177999999999879e-01
-6.625519000000000547e-02
1.018926000000000033e-02
-4.883875999999999773e-01
-6.659677999999999432e-02
-1.503850999999999938e-01
-4.593491000000000102e-01
-5.790859999999999758e-02
-1.113442999999999933e-01
-5.589039999999999564e-01
4.342731999999999842e-02
-1.419314000000000131e-01
-6.264610999999999930e-01
1.105170999999999931e-01
-7.514943999999999791e-02
-6.107017000000000140e-01
1.100457999999999992e-02
-9.648884000000000627e-02
-3.785189999999999944e-01
8.366097000000000117e-02
6.150705999999999708e-03
-6.537117999999999540e-01
-7.959862999999999314e-03
7.488401000000000432e-03
-5.183815000000000506e-01
-1.823082999999999995e-02
1.248437000000000019e-01
-5.386357000000000506e-01
6.092348000000000208e-02
6.019849000000000033e-02
-5.741817000000000171e-01
6.567088000000000092e-02
1.773197999999999996e-01
-6.381396999999999764e-01
-6.552755000000000385e-02
2.268309000000000020e-01
-6.401337999999999751e-01
5.223044000000000298e-02
1.604575000000000029e-01
-7.047244999999999759e-01
2.385999999999999927e-02
2.885735999999999857e-01
-6.139240000000000252e-01
-7.044646000000000241e-02
1.644916999999999907e-01
-6.894571999999999923e-01
1.052809000000000036e-03
6.898366999999999694e-02
-8.276364000000000498e-01
3.407229999999999981e-02
2.259311999999999987e-01
-6.788646000000000402e-01
3.102908000000000055e-02
2.256804000000000032e-01
-4.873086999999999835e-01
7.721318000000000625e-02
2.216961000000000070e-01
-5.335345999999999700e-01
1.647103000000000039e-01
1.383105000000000029e-01
-5.550661999999999541e-01
9.563913000000000275e-02
2.008359000000000116e-01
-4.350388000000000033e-01
1.460807000000000078e-01
1.319467000000000001e-01
-4.584233999999999809e-01
1.626402999999999877e-01
1.854280000000000095e-01
-3.442231000000000041e-01
2.312141000000000057e-01
2.101239000000000023e-01
-3.952960999999999836e-01
1.900831000000000048e-01
8.455213000000000312e-02
-3.511665999999999954e-01
2.843492000000000242e-01
1.056712999999999923e-02
-4.739868999999999888e-01
3.225462000000000051e-01
4.760682000000000108e-02
-4.162159000000000275e-01
2.977130000000000054e-01
1.063848000000000016e-01
-3.475083999999999951e-01
2.824086000000000096e-01
-9.597263999999999795e-02
-4.188740000000000241e-01
2.938876000000000266e-01
-4.323252999999999818e-02
-3.384632000000000196e-01
3.922289999999999943e-01
-9.660272000000000303e-02
-4.354008999999999796e-01
4.248426000000000147e-01
-5.694960000000000300e-02
-3.975961000000000078e-01
3.991948000000000163e-01
1.322519999999999989e-03
-3.803021999999999792e-01
4.428000999999999743e-01
-4.299242000000000341e-02
-3.155079000000000078e-01
4.252754999999999730e-01
6.548110000000000042e-02
-2.334907999999999983e-01
3.728306000000000120e-01
1.146816999999999975e-01
-2.514450999999999770e-01
4.407730999999999733e-01
1.739447000000000085e-03
-2.693512000000000128e-01
4.138151999999999942e-01
6.005954000000000154e-02
-3.000743000000000160e-01
3.811218000000000106e-01
8.043582999999999983e-02
-1.496699999999999975e-01
3.534272999999999998e-01
1.554173000000000082e-01
-1.286961000000000077e-01
2.406888000000000083e-01
4.276743999999999685e-02
-9.792773000000000450e-02
2.519236000000000253e-01
1.555322000000000093e-01
-1.554590999999999890e-01
3.361388000000000154e-01
1.325803999999999871e-01
-1.959033000000000024e-01
2.044131999999999894e-01
-2.576528999999999972e-02
-1.868518999999999874e-01
1.358845999999999943e-01
-1.706761999999999863e-02
1.104294999999999999e-01
-7.947772999999999644e-02
4.825872999999999968e-02
3.651399000000000172e-01
6.083375000000000241e-03
-8.611952000000000496e-02
3.301922999999999941e-01
9.430818000000000534e-02
-1.519173000000000051e-01
2.098418999999999979e-01
1.807413999999999965e-01
-2.744209000000000231e-01
1.457093000000000138e-01
1.758663000000000032e-01
-4.052973999999999744e-01
2.427131999999999901e-01
2.105152999999999885e-01
-4.687383999999999995e-01
1.883775000000000033e-01
3.284384000000000192e-01
-5.261837000000000319e-01
4.251210999999999740e-01
2.995282000000000222e-01
-5.218458999999999737e-01
2.951299000000000006e-01
3.207328999999999875e-01
-4.360334000000000154e-01
1.581754999999999967e-01
2.448511999999999911e-01
-3.970562999999999731e-01
2.973219999999999752e-01
2.393769000000000036e-01
-5.868227999999999778e-01
4.126740999999999882e-01
2.613214999999999844e-01
-4.318930000000000269e-01
4.942567999999999961e-01
2.794741000000000031e-01
-5.361863000000000046e-01
4.784471000000000140e-01
3.354572000000000109e-01
-4.504960000000000075e-01
4.555782999999999916e-01
1.899917999999999885e-01
-3.285826000000000024e-01
5.155815000000000259e-01
2.171404999999999863e-01
-4.832937999999999956e-01
5.286906999999999579e-01
1.629936999999999914e-01
-3.866839000000000248e-01
5.549846999999999975e-01
2.493550999999999962e-01
-3.560465999999999909e-01
4.917313999999999852e-01
1.910160999999999942e-01
-3.388227999999999795e-01
3.404479999999999729e-01
2.633668000000000120e-01
-4.749365999999999866e-01
2.880061999999999900e-01
1.740053000000000016e-01
-4.287656000000000245e-01
4.167624999999999802e-01
2.504569999999999852e-01
-2.966305000000000192e-01
4.752249000000000057e-01
9.514003999999999517e-02
-3.151250999999999913e-01
5.202061999999999520e-01
9.420343999999999940e-02
-3.869074000000000124e-01
5.022356999999999516e-01
2.046102999999999950e-01
-5.047848999999999808e-01
5.215250999999999637e-01
4.825245000000000228e-02
-4.658252999999999977e-01
4.939315000000000233e-01
1.438574999999999993e-01
-5.535678000000000543e-01
4.541468000000000171e-01
3.440677999999999792e-02
-4.832832000000000239e-01
3.557083999999999802e-01
-2.680008999999999864e-02
-4.487425999999999915e-01
5.029671000000000003e-01
7.736305999999999738e-02
-5.100818999999999770e-01
3.969404999999999739e-01
1.417486000000000024e-01
-3.661074000000000273e-01
4.379312000000000205e-01
1.115302999999999989e-01
-5.042318000000000078e-01
5.193739000000000550e-01
-3.124050999999999911e-02
-3.728041000000000271e-01
4.405819999999999736e-01
-5.248745999999999967e-02
-5.035861999999999838e-01
4.420370000000000132e-01
-1.749221000000000109e-02
-4.729188999999999754e-01
5.738138999999999879e-01
1.073951999999999962e-01
-3.788317999999999963e-01
5.268015000000000336e-01
4.241534999999999750e-02
-5.281160000000000299e-01
5.260755000000000292e-01
-6.513140000000000596e-02
-5.435984000000000371e-01
5.315092000000000150e-01
5.834559000000000273e-02
-5.758830999999999811e-01
4.474520000000000164e-01
-2.835506000000000137e-02
-6.513776999999999484e-01
4.577642000000000100e-01
-5.892270000000000146e-02
-6.253537000000000123e-01
5.146589999999999776e-01
4.675147000000000330e-02
-6.350327999999999529e-01
5.196906000000000025e-01
1.084051000000000042e-01
-6.985333000000000236e-01
5.320203000000000015e-01
7.756245000000000500e-02
-7.029819999999999958e-01
3.869333999999999829e-01
1.704492999999999980e-01
-7.457203999999999500e-01
4.060766000000000098e-01
1.780943000000000109e-01
-6.910882000000000414e-01
4.405401999999999929e-01
8.870825000000000238e-02
-7.776212999999999598e-01
3.433171999999999890e-01
1.232488000000000056e-01
-8.259003999999999790e-01
4.679037999999999808e-01
2.605605000000000074e-02
-8.382091999999999876e-01
4.229338000000000264e-01
1.998756000000000144e-02
-7.003551999999999556e-01
4.568189999999999751e-01
-3.021474999999999855e-02
-7.779344000000000259e-01
4.597777000000000114e-01
-1.013529999999999986e-01
-6.902724000000000082e-01
3.022750000000000159e-01
1.653690000000000021e-02
-7.635988999999999693e-01
3.032387999999999750e-01
-8.702593999999999608e-02
-7.089573000000000125e-01
3.930975999999999915e-01
-1.341815000000000091e-01
-6.968615999999999699e-01
2.369873000000000118e-01
-8.963387000000000437e-02
-6.213214999999999710e-01
3.742125000000000035e-01
-7.267107999999999901e-02
-7.514091000000000520e-01
3.499710999999999794e-01
-1.636354999999999893e-01
-6.537247999999999948e-01
3.944430999999999909e-01
-1.807390000000000108e-01
-7.111575999999999453e-01
3.635951000000000044e-01
-1.082583000000000018e-01
-6.003732999999999986e-01
2.284786000000000039e-01
-1.804077000000000111e-02
-6.006706000000000545e-01
9.197547999999999835e-02
7.088445000000000162e-02
-6.231716999999999951e-01
-4.320787000000000239e-02
5.178806000000000243e-01
5.178806000000000243e-01
-5.178806000000000243e-01
-3.865777000000000241e-01
-4.476551999999999754e-01
-2.300436999999999899e-01
-3.131959000000000271e-01
-5.810393999999999837e-01
-1.714076999999999962e-01
-3.138773000000000257e-01
-6.520740999999999898e-01
-2.203226000000000073e-01
-2.840211000000000263e-01
-7.350596000000000352e-01
-2.691702999999999735e-01
-4.055337999999999998e-01
-7.216565000000000341e-01
-2.009345999999999910e-01
-3.593459999999999988e-01
-7.750837000000000421e-01
-2.729537000000000213e-01
-4.201880000000000059e-01
-6.410746000000000500e-01
-2.126445999999999892e-01
-3.504360000000000253e-01
-6.972030999999999645e-01
-3.175991000000000231e-01
-4.461666000000000243e-01
-5.943511999999999684e-01
-2.476171000000000066e-01
-4.749018999999999879e-01
-6.847868000000000288e-01
-2.437813000000000063e-01
-4.183613999999999944e-01
-6.663238999999999690e-01
-3.254772000000000221e-01
-2.879874000000000045e-01
-6.096806999999999643e-01
-3.624641000000000113e-01
-3.310511999999999899e-01
-5.598001000000000227e-01
-3.345330000000000248e-01
-2.645784999999999942e-01
-6.194764999999999855e-01
-4.566964000000000024e-01
-3.302333000000000074e-01
-6.091320999999999541e-01
-4.760106000000000059e-01
-3.783500000000000196e-01
-5.536398999999999626e-01
-4.296145000000000103e-01
-1.712210000000000121e-01
-4.357698999999999878e-01
-3.888971999999999984e-01
-2.100178000000000045e-01
-3.880688999999999944e-01
-3.290889000000000175e-01
-1.835996000000000017e-01
-3.001713999999999771e-01
-3.476053000000000059e-01
-2.818230999999999931e-01
-3.253813999999999873e-01
-4.568094999999999795e-01
-3.663000000000000145e-01
-2.919418999999999764e-01
-5.923713000000000450e-01
-2.153144999999999920e-01
-2.850282000000000093e-01
-5.312867999999999480e-01
-2.331565999999999916e-01
-2.883557999999999955e-01
-6.782671999999999590e-01
-2.516583000000000014e-01
-1.621589999999999976e-01
-6.512213000000000029e-01
-3.719277000000000277e-01
-1.005021999999999999e-01
-7.426707999999999643e-01
-2.240281000000000078e-01
-4.708405999999999703e-02
-7.859180999999999528e-01
-1.882445000000000090e-01
5.944917000000000083e-03
-7.361067000000000027e-01
-1.483424000000000131e-01
-1.391911999999999872e-01
-8.247463999999999906e-01
-2.435277999999999887e-01
-1.572141999999999984e-01
-8.181781999999999666e-01
-2.062949000000000033e-01
-2.147342999999999891e-01
-7.708182000000000089e-01
-1.647175999999999918e-01
-3.042137999999999787e-01
-7.088668999999999665e-01
-2.423461000000000087e-01
-3.708443000000000156e-01
-6.748722000000000332e-01
-1.200684999999999947e-01
-3.419537000000000271e-01
-4.852876999999999885e-01
-2.229347999999999885e-01
-4.220579999999999887e-01
-5.814658999999999800e-01
-6.516486999999999974e-02
-3.891387000000000040e-01
-5.611218000000000039e-01
-2.052142999999999884e-01
-4.161170000000000146e-01
-6.399038999999999699e-01
-1.309242999999999935e-01
-4.863004000000000215e-01
-5.124904999999999600e-01
-5.161001999999999951e-02
-3.943540999999999852e-01
-3.703254000000000268e-01
-4.708201000000000400e-03
-5.365349999999999842e-01
-5.037690999999999697e-01
-9.019307000000000019e-02
-5.721916000000000224e-01
-4.587645000000000195e-01
-1.572492000000000056e-01
-5.205741999999999869e-01
-3.477369000000000154e-01
-7.626262999999999792e-02
-5.712726000000000193e-01
-3.283242000000000105e-01
-1.084964999999999957e-01
-6.847834000000000421e-01
-4.551814000000000138e-01
-3.400538000000000172e-02
-6.944514000000000520e-01
-3.784750000000000059e-01
-2.605489999999999889e-02
-7.399755999999999556e-01
-4.443036000000000207e-01
-1.628151999999999933e-01
-7.424564000000000163e-01
-3.769515999999999978e-01
-8.115632000000000401e-02
-8.021970999999999963e-01
-3.812475000000000169e-01
-1.812628000000000017e-01
-7.741280000000000383e-01
-3.041310999999999876e-01
-1.539438999999999946e-01
-6.712379000000000540e-01
-2.629615000000000147e-01
-9.628048000000000162e-02
-4.534429999999999850e-01
-1.629035000000000066e-01
-1.874093000000000009e-01
-8.149043999999999732e-01
-2.204029000000000127e-01
-7.070080000000000288e-03
-8.431969000000000269e-01
-2.814339000000000146e-01
-1.079158000000000062e-01
-8.782231000000000343e-01
-2.528146000000000004e-01
-7.899259000000000142e-02
-8.251395000000000257e-01
-1.670654000000000028e-01
4.106481000000000020e-02
-8.452228000000000518e-01
-1.887708999999999915e-01
5.347385000000000332e-02
-6.360599000000000114e-01
-1.328024999999999900e-01
5.990693999999999880e-02
-7.040452000000000377e-01
-1.729417000000000038e-01
-4.571059999999999707e-02
-7.342206000000000010e-01
-1.027406000000000014e-01
-7.963792000000000787e-03
-8.752400000000000180e-01
-1.037141000000000035e-01
-1.120270000000000016e-01
-8.171422000000000407e-01
-2.225819000000000061e-02
-1.461040000000000116e-01
-8.574907000000000501e-01
-8.353182000000000662e-02
-1.195972000000000007e-02
-8.627072999999999547e-01
7.464507000000000433e-03
5.776139999999999747e-02
-8.008066000000000351e-01
-7.211704000000000205e-03
8.261400000000000340e-03
-6.630241000000000051e-01
6.456712000000000562e-02
-1.712849999999999928e-01
-7.707678000000000029e-01
2.299119999999999983e-02
-5.075923000000000414e-03
-6.660840999999999568e-01
7.799467000000000032e-03
-5.793518000000000279e-02
-8.588162000000000296e-01
1.130358000000000057e-01
-1.732928999999999997e-01
-8.801573999999999787e-01
-2.279561999999999908e-02
-7.378244999999999942e-02
-9.346984000000000403e-01
5.760371000000000241e-02
3.111656999999999965e-02
-8.580883999999999734e-01
1.070098000000000021e-01
-1.424493000000000009e-01
-7.003289000000000319e-01
6.249360999999999805e-02
-5.540968000000000282e-02
-7.564387000000000194e-01
1.491209000000000007e-01
-1.248747999999999941e-01
-6.507237000000000160e-01
1.310051000000000132e-01
-1.917358999999999869e-01
-7.260387999999999842e-01
2.070227000000000039e-01
-1.071716000000000057e-01
-8.405529999999999946e-01
2.469050999999999885e-01
-5.168516000000000082e-02
-7.589010000000000478e-01
2.683751999999999804e-01
3.031603000000000075e-02
-7.894402999999999837e-01
2.358947000000000127e-01
-2.994803000000000048e-02
-8.696873999999999993e-01
1.738577000000000039e-01
-1.561503999999999948e-01
-8.143629000000000007e-01
8.877269999999999606e-02
-1.258506000000000069e-01
-9.050304999999999600e-01
1.387184999999999946e-01
-2.149015999999999982e-01
-8.118604999999999849e-01
2.606280999999999737e-01
-1.500122999999999873e-01
-8.595644000000000062e-01
2.295009000000000077e-01
-2.537608000000000086e-01
-8.545277999999999485e-01
1.659030999999999978e-01
-2.924083000000000099e-01
-7.634043000000000356e-01
2.165957000000000021e-01
-2.017058999999999935e-01
-7.422246000000000121e-01
2.802425000000000055e-01
-2.667046000000000139e-01
-6.712635999999999603e-01
1.474847999999999992e-01
-1.892388000000000126e-01
-8.092525000000000412e-01
1.622070999999999930e-01
-1.598971999999999893e-01
-6.862068000000000056e-01
5.897920000000000246e-02
-3.099473999999999840e-01
-7.236219000000000401e-01
1.105256000000000016e-01
-2.810096999999999734e-01
-7.914569000000000187e-01
7.550829000000000568e-02
-2.842097000000000095e-01
-7.683579000000000381e-01
6.848734000000000419e-03
-2.023648999999999865e-01
-6.782833999999999808e-01
4.818124000000000018e-02
-1.322421000000000013e-01
-6.986263000000000334e-01
-9.767120999999999442e-02
-1.825374999999999914e-01
-7.432720000000000438e-01
-2.716445000000000110e-01
-2.211008999999999891e-01
-8.249406999999999712e-01
-1.356949000000000072e-01
-2.511186999999999725e-01
-8.366388999999999632e-01
-5.655849000000000293e-02
-1.573123999999999911e-01
-9.087110999999999938e-01
-8.060594999999999566e-02
-1.007548999999999945e-01
-7.060632000000000019e-01
-6.864866999999999497e-02
-1.001367999999999980e-01
-8.997796999999999601e-01
-2.158908999999999828e-02
-3.086648000000000169e-02
-9.345826999999999884e-01
-7.017777999999999516e-02
-1.064516000000000073e-02
-7.282374000000000347e-01
-1.609439000000000008e-01
1.188775000000000075e-02
-8.881183999999999745e-01
-1.458036000000000054e-01
-3.010084999999999844e-02
-8.358394999999999575e-01
-6.009367000000000181e-02
5.696497999999999839e-02
-8.978367999999999904e-01
4.926275000000000098e-02
7.143700999999999524e-02
-8.289851999999999776e-01
7.813038999999999401e-02
1.249785000000000063e-01
-8.782227999999999701e-01
1.323347000000000065e-02
1.222179999999999933e-01
-7.544925999999999577e-01
1.258713000000000019e-02
1.505247999999999864e-01
-8.942343000000000375e-01
-1.043622000000000022e-01
1.585777999999999910e-01
-9.293322000000000527e-01
-2.957813999999999929e-02
1.732197000000000042e-01
-8.204409000000000285e-01
-1.731505000000000127e-01
2.283715000000000050e-01
-7.742831999999999493e-01
2.273210999999999982e-02
2.853149999999999853e-01
-8.561199000000000447e-01
-3.912625000000000304e-03
3.366879999999999873e-01
-8.208649000000000084e-01
-5.743958999999999870e-02
2.375012999999999985e-01
-7.839066999999999563e-01
-6.600490999999999997e-02
2.596729999999999872e-01
-8.445380000000000109e-01
-1.554897000000000085e-01
1.695472000000000090e-01
-6.738813000000000164e-01
-1.109153999999999973e-01
3.168849999999999723e-01
-6.965348999999999569e-01
-3.618078999999999740e-02
2.990628000000000175e-01
-7.857792000000000110e-01
-1.677453999999999890e-01
2.980657999999999919e-01
-7.351317000000000546e-01
-2.292808000000000068e-01
3.862936000000000147e-01
-6.679604000000000097e-01
-1.173204000000000052e-01
3.633626999999999829e-01
-6.961057999999999968e-01
-1.985217999999999983e-01
4.429051999999999989e-01
-6.249814999999999676e-01
-8.598314999999999431e-02
4.344558000000000031e-01
-5.643730999999999609e-01
-1.421891999999999878e-01
3.386275000000000257e-01
-5.782912999999999526e-01
-1.226881999999999973e-01
4.525737000000000232e-01
-5.937805000000000444e-01
-2.116259000000000057e-01
3.808615000000000195e-01
-6.623350999999999544e-01
-2.468550999999999940e-01
4.040348999999999746e-01
-5.302502999999999522e-01
-2.783437000000000272e-01
3.397409000000000123e-01
-6.760800999999999616e-01
-3.459395000000000109e-01
2.557860000000000134e-01
-5.640110999999999875e-01
-2.756841999999999904e-01
3.894387000000000265e-01
-5.908579999999999943e-01
-3.277961999999999820e-01
2.130566000000000126e-01
-6.633442999999999978e-01
-3.405677999999999761e-01
2.667261000000000215e-01
-6.240468999999999600e-01
-3.927816000000000085e-01
1.648027999999999993e-01
-6.860680999999999585e-01
-3.967999999999999861e-01
3.052389999999999826e-01
-5.424196999999999491e-01
-3.979037999999999742e-01
1.678543000000000118e-01
-5.909566000000000541e-01
-4.442814999999999959e-01
2.526297000000000126e-01
-5.831806000000000489e-01
-4.835596999999999812e-01
2.939610999999999752e-01
-5.080499000000000542e-01
-4.667892000000000152e-01
3.420090000000000074e-01
-4.283396999999999899e-01
-4.201411999999999924e-01
2.610986000000000140e-01
-3.676939000000000179e-01
-3.721844000000000263e-01
2.146331999999999962e-01
-4.485464000000000118e-01
-4.631547999999999776e-01
1.829959999999999920e-01
-3.679568999999999757e-01
-4.043203000000000213e-01
1.042864000000000013e-01
-4.186468999999999885e-01
-4.070396000000000014e-01
2.337008999999999892e-01
-2.691581000000000112e-01
-4.067566000000000237e-01
1.604356000000000115e-01
-3.153851999999999767e-01
-4.911779000000000006e-01
1.310125000000000040e-01
-3.712469999999999937e-01
-5.463025999999999716e-01
2.189750000000000030e-01
-3.035937000000000219e-01
-5.719005999999999812e-01
1.760423000000000127e-01
-3.319274999999999864e-01
-6.833418999999999466e-01
1.599104000000000081e-01
-2.517994000000000065e-01
-6.518049999999999677e-01
5.487953999999999749e-02
-2.465719000000000105e-01
-5.427174000000000165e-01
7.467158999999999602e-02
-8.465688000000000379e-02
-5.377319999999999878e-01
4.856219999999999981e-02
-1.846700000000000008e-01
-6.638011000000000328e-01
4.973332999999999920e-03
-1.561170000000000058e-01
-4.680630000000000068e-01
5.705547999999999870e-02
-8.862237000000000586e-02
-6.905592999999999870e-01
1.913128000000000051e-02
-1.064077999999999968e-01
-8.038277999999999812e-01
2.069578000000000043e-02
-1.573716000000000004e-02
-7.801422000000000079e-01
-7.490699000000000662e-02
6.792142000000000145e-03
-8.033955000000000402e-01
-1.018263999999999975e-01
6.997043000000000013e-02
-7.717030000000000278e-01
-1.241755999999999971e-01
-5.943198000000000231e-02
-8.290151000000000048e-01
-8.522920999999999969e-02
-1.639310999999999963e-01
-8.307645999999999642e-01
-1.508962000000000081e-01
-2.083519000000000065e-01
-7.638916000000000039e-01
-7.241648000000000529e-02
-2.444762000000000046e-01
-5.501890999999999865e-01
-2.786388000000000059e-02
-2.799616999999999800e-01
-6.953032999999999575e-01
-8.026178999999999952e-02
-3.332670999999999828e-01
-7.726720000000000255e-01
-1.237139000000000016e-01
-3.548837000000000241e-01
-5.288739000000000079e-01
-2.747594000000000078e-02
-4.320394000000000179e-01
-6.727710999999999553e-01
-9.726226999999999789e-02
-4.529303000000000079e-01
-6.788110000000000532e-01
-1.562959999999999905e-01
-4.959037000000000028e-01
-6.862291999999999836e-01
-1.202040999999999943e-01
-5.406471999999999944e-01
-6.113501999999999548e-01
-6.807230999999999699e-02
-4.439036000000000093e-01
-4.883514999999999939e-01
-1.899736999999999953e-01
-5.270358000000000542e-01
-5.577541999999999778e-01
-2.221675999999999929e-01
-4.791115000000000235e-01
-5.273394999999999611e-01
-2.140277999999999903e-01
-3.462848000000000037e-01
-6.217882999999999605e-01
-8.041460000000000274e-02
-2.335174000000000138e-01
1.978067000000000020e-02
-1.597445000000000115e-01
-1.371387000000000023e-01
3.637114999999999793e-02
-3.061952000000000076e-02
-1.297885000000000011e-01
7.743068999999999646e-02
-5.203364999999999943e-04
2.917130000000000070e-02
9.825245000000000506e-02
-1.140618000000000049e-01
5.508004999999999846e-03
2.131173000000000095e-01
-2.294861999999999944e-02
-3.112842000000000039e-02
1.362970000000000015e-01
-3.123331999999999931e-03
4.577761999999999804e-02
2.814317000000000069e-01
1.201118000000000047e-01
-4.226483999999999797e-02
9.254961999999999911e-02
8.492996999999999352e-02
4.053323000000000342e-02
7.667079000000000255e-02
8.418892000000000042e-02
9.441022000000000303e-02
1.789282000000000095e-01
-2.253998999999999933e-02
1.447035000000000127e-01
2.396283999999999914e-01
-3.244423999999999919e-02
1.427266000000000090e-01
1.520286000000000137e-01
7.884444999999999648e-02
1.869503999999999888e-01
1.451150999999999969e-01
2.692846000000000042e-03
2.209944000000000075e-01
1.143957000000000029e-01
1.627713000000000076e-01
2.199611999999999956e-01
6.128849000000000102e-02
8.451348999999999667e-02
2.257579999999999865e-01
5.633178999999999964e-02
1.718626000000000043e-01
1.909286000000000039e-01
-4.151810000000000223e-02
1.340845999999999982e-01
2.645653000000000032e-01
-1.494788000000000019e-02
2.978466000000000100e-02
2.765108000000000010e-01
6.357054000000000003e-03
9.935982999999999621e-02
2.399946000000000024e-01
-9.041038999999999326e-02
-4.493040999999999702e-02
2.669457000000000080e-01
-4.006476999999999955e-02
-3.147007000000000276e-02
2.163905000000000134e-01
-1.079118000000000022e-01
-3.816486999999999918e-03
6.398676999999999837e-02
-1.700109999999999955e-01
8.195565000000000488e-02
2.296111999999999875e-01
-1.925987999999999867e-01
2.793643999999999988e-02
3.172079999999999900e-01
-1.779781000000000002e-01
1.122043999999999993e-02
2.223361000000000087e-01
-2.763570000000000193e-01
-1.304377999999999926e-01
2.554283999999999999e-01
-2.165167000000000064e-01
-8.727846999999999689e-02
2.772032999999999858e-01
-2.758976000000000206e-01
-1.134832000000000028e-02
2.605559000000000069e-01
-3.781648000000000232e-01
-9.449403000000000663e-02
1.636035000000000128e-01
-3.705394000000000188e-01
-1.036144999999999983e-01
2.758635999999999866e-01
-5.047182000000000057e-01
-1.266876000000000113e-01
2.720058000000000198e-01
-6.104003999999999541e-01
4.395661000000000360e-03
3.681522999999999879e-01
-6.221436999999999662e-01
-6.693089000000000677e-02
2.289127999999999996e-01
-5.754628999999999994e-01
-6.514768999999999421e-02
3.369122999999999979e-01
-4.939154000000000044e-01
-9.917827999999999367e-02
3.210798000000000263e-01
-4.038365999999999900e-01
1.339367999999999982e-02
3.087149000000000143e-01
-4.193051999999999890e-01
2.476861999999999814e-03
3.125412000000000190e-01
-3.324285000000000156e-01
9.433358999999999495e-02
2.367488000000000092e-01
-3.607432999999999890e-01
7.566839000000000204e-02
2.865731999999999724e-01
-2.637913000000000063e-01
1.362250999999999879e-01
2.232974000000000070e-01
-2.969416999999999751e-01
1.841112000000000026e-01
1.845225000000000060e-01
-2.768806999999999796e-01
1.469882999999999884e-01
2.233894999999999909e-01
-1.968660999999999883e-01
8.954597000000000251e-02
2.888054000000000250e-04
-1.556401000000000034e-01
1.483520000000000116e-01
6.682646999999999893e-02
-1.635341999999999907e-01
2.542386999999999841e-01
2.925945999999999825e-01
-1.183499999999999969e-01
2.962486999999999759e-01
1.929695999999999911e-01
-1.756151999999999991e-01
2.713499999999999801e-01
1.560471999999999970e-01
-1.011515000000000053e-01
2.088077000000000127e-01
1.591985999999999957e-01
-3.688604000000000188e-02
3.244002999999999748e-01
1.815730999999999873e-01
3.786625999999999968e-03
2.176090999999999998e-01
1.606634999999999869e-01
5.127853000000000272e-02
3.136788999999999827e-01
7.970014000000000265e-02
-2.020597999999999839e-02
3.013386000000000120e-01
1.721917000000000031e-01
9.031015000000000570e-02
3.404169000000000223e-01
4.432429999999999704e-02
2.646255999999999955e-02
2.432325999999999933e-01
4.444120000000000015e-02
4.555913999999999797e-02
2.326612000000000124e-01
1.499138000000000137e-01
1.651219999999999910e-01
3.188219999999999943e-01
5.652308000000000332e-02
1.121836999999999973e-01
2.945502999999999871e-01
5.966591000000000256e-02
1.890382999999999925e-01
1.766041999999999890e-01
1.118897999999999976e-01
1.827577999999999980e-01
2.337515000000000009e-01
8.523550000000000570e-02
2.681680000000000175e-01
2.257592999999999961e-01
1.676727000000000078e-02
2.367113000000000134e-01
2.543253999999999793e-01
-7.197639000000000120e-02
1.846437999999999968e-01
3.303943999999999770e-01
-1.589047000000000029e-02
2.024897999999999976e-01
2.387521999999999978e-01
-1.476551999999999865e-01
5.431488999999999762e-02
3.699323999999999946e-01
-4.588823999999999681e-02
9.740809000000000273e-02
3.916865999999999959e-01
-1.057878000000000013e-01
1.678516999999999926e-01
2.992143999999999915e-01
-1.363578000000000012e-01
6.041429999999999717e-02
3.486915999999999904e-01
7.281369999999999683e-03
2.886295999999999862e-01
4.113513999999999782e-01
5.628476000000000312e-03
2.092102000000000128e-01
3.618741999999999792e-01
-1.031624000000000013e-01
2.859914000000000067e-01
3.330928000000000222e-01
2.941221000000000113e-02
1.949681000000000053e-01
2.628604999999999969e-01
-1.416815999999999996e-03
3.386899999999999911e-01
2.046154000000000028e-01
4.179748999999999964e-02
3.880090999999999957e-01
3.033860999999999919e-01
-4.390257999999999661e-02
3.562005999999999784e-01
1.511270000000000113e-01
-4.738031000000000187e-03
3.366057000000000077e-01
1.726495999999999864e-01
-7.837413999999999492e-02
4.383038000000000212e-01
1.063711999999999991e-01
-8.867701000000000056e-02
4.141495000000000037e-01
1.797063999999999884e-01
-1.155542999999999987e-01
2.879032999999999731e-01
2.875093000000000232e-01
-1.271492999999999929e-01
3.962395000000000223e-01
2.226615000000000122e-01
-1.513284000000000018e-01
4.507983999999999880e-01
3.208112000000000186e-01
-1.720503999999999922e-01
3.036707000000000156e-01
2.140592000000000050e-01
-9.815469999999999751e-02
3.710356000000000209e-01
2.419614999999999960e-01
-7.047949000000000574e-02
2.129418999999999895e-01
2.297787000000000024e-01
-2.287307000000000090e-01
2.513064999999999882e-01
9.839852999999999794e-02
-2.302813999999999972e-01
1.396029000000000020e-01
2.054300000000000015e-01
-2.177344999999999975e-01
4.284182000000000268e-01
2.854009000000000129e-01
-2.136048999999999864e-01
3.761089000000000238e-01
1.525153999999999954e-01
-1.976272000000000029e-01
2.830123999999999973e-01
8.286992999999999443e-02
-2.455574000000000090e-01
4.227045999999999859e-01
5.574632999999999672e-02
-1.881152000000000102e-01
4.151214999999999766e-01
1.550875999999999921e-01
-2.103737999999999997e-01
3.923400000000000221e-01
2.122066999999999981e-01
-2.882770000000000055e-01
3.821041000000000021e-01
1.866223999999999938e-01
-2.891141999999999879e-01
2.099749999999999950e-01
2.794645999999999936e-02
-2.483994999999999953e-01
3.107514000000000109e-01
1.056957000000000035e-01
-3.415297999999999945e-01
4.378686999999999996e-01
7.419688000000000672e-02
-2.374506000000000117e-01
3.160401999999999934e-01
1.617728999999999973e-01
-3.712415000000000020e-01
3.472509999999999764e-01
1.192806000000000005e-01
-3.759158000000000222e-01
1.085225999999999968e-01
4.295671000000000211e-02
-3.433633999999999853e-01
2.528675000000000228e-01
6.236850000000000033e-02
-3.106252999999999931e-01
9.017627999999999755e-02
1.171236999999999973e-01
-4.326047000000000087e-01
2.638093000000000243e-01
8.236055000000000459e-02
-4.520318999999999865e-01
1.058488999999999958e-01
1.497737000000000027e-02
-4.854475999999999791e-01
2.507434000000000052e-01
-1.255234000000000037e-02
-4.983522000000000229e-01
3.410837999999999925e-01
3.433568000000000037e-02
-4.744769999999999821e-01
1.347126999999999908e-01
-7.265718999999999650e-02
-5.052948999999999913e-01
2.273585999999999940e-01
7.658940999999999666e-02
-4.957176999999999834e-01
1.618031000000000053e-01
-1.502954999999999916e-02
-4.087561000000000111e-01
5.883358999999999811e-02
8.436495000000000452e-03
-2.826028999999999902e-01
-4.214425000000000116e-02
-6.907973999999999885e-03
-1.268216000000000065e-01
-8.819248999999999838e-02
-7.987289000000000194e-02
-2.388855000000000006e-01
4.083193999999999713e-02
-1.588888999999999996e-01
-3.308006000000000002e-01
1.498336999999999863e-01
-1.921495000000000009e-01
-4.271910999999999903e-01
3.320544999999999747e-01
-2.498118000000000005e-01
-4.071958999999999995e-01
4.307915999999999968e-01
-2.281910000000000049e-01
-3.329059999999999797e-01
3.708652000000000060e-01
-1.121854999999999936e-01
-2.914082000000000061e-01
4.979560000000000097e-01
-2.231019999999999948e-01
-2.163121000000000071e-01
4.268162999999999818e-01
-9.412840999999999569e-02
-3.334045999999999954e-01
3.727453000000000016e-01
-4.879379999999999828e-02
-3.020122000000000084e-01
4.270569000000000170e-01
-1.395051999999999959e-01
-2.413636000000000115e-01
4.309592999999999896e-01
-3.997690999999999745e-02
-2.499882999999999966e-01
5.235997000000000012e-01
1.113769000000000044e-02
-2.208827999999999903e-01
4.277161999999999908e-01
3.474805999999999988e-03
-1.617924000000000029e-01
4.999939999999999940e-01
-9.835626000000000091e-02
-1.373371999999999926e-01
4.337089000000000083e-01
-7.323817000000000521e-02
-3.330120999999999776e-02
5.150124000000000368e-01
-1.278749999999999887e-01
-2.276384000000000046e-02
4.306464999999999876e-01
-5.049250000000000266e-02
-1.565844999999999876e-01
4.024227000000000221e-01
-2.141565999999999956e-02
-4.846994000000000302e-02
3.778940000000000077e-01
5.107462000000000113e-02
-9.855506999999999462e-02
4.593907999999999880e-01
7.781659000000000492e-02
-3.170904000000000084e-02
4.059460999999999764e-01
9.991629999999999956e-02
-1.310528999999999999e-01
3.678177000000000252e-01
5.517654999999999782e-02
-1.791154000000000079e-01
2.064153999999999989e-01
2.765041000000000027e-02
-5.881234999999999935e-02
3.001712999999999743e-01
8.889993999999999674e-02
6.181727000000000055e-02
2.088687999999999934e-01
1.578665999999999958e-01
-5.897318000000000005e-02
2.939997999999999778e-01
1.345247999999999999e-01
3.928857000000000183e-02
3.248836999999999975e-01
5.434134000000000186e-02
2.465830999999999926e-02
3.393037999999999887e-01
1.568960000000000077e-01
-3.533744999999999942e-02
2.386799000000000004e-01
9.908608000000000693e-02
3.326393999999999879e-02
1.024068000000000062e-01
2.682083999999999857e-02
5.054957000000000200e-02
2.476428999999999991e-01
1.327009000000000105e-01
4.740981999999999835e-02
2.062500999999999918e-01
1.335980999999999974e-01
-4.581987000000000039e-03
1.337802999999999909e-01
-4.951739000000000140e-03
3.522097999999999896e-02
5.740785999999999806e-02
1.364551999999999987e-01
8.523680000000000145e-02
1.213541000000000064e-01
5.087383999999999656e-02
1.210520999999999958e-01
1.891905999999999866e-01
1.026471999999999940e-01
1.685125000000000095e-01
1.276448000000000027e-01
-1.094628999999999915e-02
1.796298000000000061e-01
2.031501000000000001e-01
3.794894000000000045e-02
3.401393999999999945e-02
4.576880000000000184e-03
-9.417878000000000360e-02
2.073818000000000050e-01
1.492073999999999900e-01
-5.385407999999999862e-02
2.402320000000000011e-01
1.075360000000000066e-01
2.165536999999999931e-03
2.358593999999999968e-01
6.735549000000000397e-02
8.371813999999999645e-02
2.267075000000000062e-01
-8.904561999999999547e-03
6.581840999999999386e-02
1.683237999999999956e-01
-5.671691999999999706e-02
-1.906831000000000107e-03
2.639963000000000171e-01
-4.773709000000000285e-02
-9.253295999999999744e-02
2.519642999999999744e-01
-6.663863999999999899e-02
2.033066999999999860e-02
1.076401000000000024e-01
-1.264571999999999918e-01
-7.155669000000000612e-02
1.511936999999999864e-01
-1.653884999999999939e-01
-2.548858000000000200e-03
1.961504000000000025e-01
-2.158675999999999928e-01
-7.749997000000000136e-02
3.174055000000000071e-01
-2.075720000000000065e-01
-5.276244000000000073e-02
2.974700000000000122e-01
-2.703188000000000257e-01
-1.010207999999999939e-01
9.906523000000000412e-02
-2.607247999999999788e-01
-1.433155999999999874e-01
3.506851999999999747e-01
-3.196319000000000243e-01
-2.946622999999999881e-01
4.107185999999999892e-01
-3.097583999999999893e-01
-2.420616999999999908e-01
3.435683999999999960e-01
-4.486878999999999729e-01
-1.840613000000000110e-01
3.430148000000000086e-01
-5.425919999999999632e-01
-1.353928000000000076e-01
3.034384999999999999e-01
-5.332660999999999651e-01
-1.691486000000000101e-01
1.852880000000000082e-01
-4.348857999999999890e-01
-1.992789000000000088e-01
3.567784999999999984e-01
-4.400759000000000198e-01
-1.795987000000000000e-01
2.952499000000000096e-01
-3.646676999999999835e-01
-2.710956999999999950e-01
2.251391000000000087e-01
-2.854865999999999793e-01
-2.573040999999999801e-01
2.930054999999999743e-01
-2.499829000000000079e-01
-1.811408999999999936e-01
3.231234000000000051e-01
-1.996129000000000098e-01
-2.762652999999999914e-01
2.879277000000000086e-01
-1.336099000000000037e-01
-2.837230000000000030e-01
2.190938000000000052e-01
-1.378140999999999949e-01
-1.282406000000000101e-01
2.337492999999999932e-01
-1.213035999999999975e-01
-2.293244000000000116e-01
1.808305000000000051e-01
-3.406200999999999673e-02
-1.864375000000000060e-01
2.710523000000000238e-01
5.956460000000000227e-03
-2.981422000000000239e-01
2.038901999999999937e-01
4.617554000000000103e-02
-2.553502000000000272e-01
8.516951000000000382e-02
5.412415000000000281e-02
-1.509215999999999891e-01
1.415784999999999960e-01
1.339099000000000018e-02
-6.389934999999999365e-02
1.537494000000000083e-01
7.731591000000000158e-02
-2.009727000000000041e-01
1.700135000000000118e-01
1.286065999999999876e-01
-1.195565999999999990e-01
1.288224000000000036e-01
1.609266000000000030e-01
-2.580227999999999966e-01
1.283656999999999992e-01
2.093296000000000046e-01
-2.711715000000000098e-01
7.058074000000000292e-02
1.774257999999999946e-01
-1.470634000000000108e-01
9.936847000000000041e-02
2.616631999999999847e-01
-3.209123999999999866e-01
1.645289000000000126e-02
1.812547999999999937e-01
-6.049075000000000285e-02
-4.800444000000000239e-02
6.201411999999999897e-02
-1.478713000000000111e-01
-1.109601999999999984e-02
1.686474000000000029e-01
-1.928632999999999875e-01
3.134449999999999736e-02
2.827356999999999787e-01
-2.595501000000000058e-01
6.283766999999999998e-03
3.386551999999999896e-01
-1.056436999999999932e-01
-2.209397999999999918e-02
3.019298000000000259e-01
-2.702019999999999977e-01
-7.973879999999999857e-02
2.589231000000000171e-01
-1.044333999999999957e-01
-1.005416999999999977e-01
2.204589000000000132e-01
-2.054698000000000080e-01
-1.823560999999999932e-01
1.903234000000000037e-01
-6.810737999999999515e-02
-1.726480999999999988e-01
2.777254000000000111e-01
-2.153094000000000119e-01
-2.398183999999999871e-01
2.992592000000000030e-01
-3.087180999999999953e-01
-1.681523000000000045e-01
1.567288000000000014e-01
-1.734380000000000088e-01
-2.406558000000000030e-01
7.068241000000000107e-02
-3.476402000000000103e-01
-2.035984000000000127e-01
3.383918000000000204e-01
-3.886056999999999984e-01
-2.785914999999999919e-01
2.799085000000000045e-01
-4.722953999999999763e-01
-2.326914999999999956e-01
2.880526999999999949e-01
-4.761282000000000014e-01
-3.008335999999999788e-01
2.032079999999999997e-01
-2.301516999999999868e-01
-3.539511000000000185e-01
6.906450999999999563e-02
-1.420507000000000020e-01
-2.404302000000000106e-01
-8.322189000000000669e-03
